30
1 23 12 8 4 5 6 1 17 16 10 11 2 20 14 3 18 7 29 19 22 21 13 15 26 25 24 27 28 9 30 
2 23 7 17 13 5 15 26 22 28 18 11 16 20 14 10 6 12 29 19 8 21 24 27 1 4 3 25 2 9 30 
3 27 14 30 2 16 15 10 22 28 24 11 20 5 7 13 12 17 29 26 8 21 9 23 1 4 3 25 6 18 19 
4 27 10 30 2 5 15 26 18 28 24 11 17 14 6 13 8 22 1 16 12 21 9 23 29 4 25 19 7 3 20 
5 27 28 30 14 16 17 26 29 10 9 11 4 2 21 13 22 1 5 8 12 23 25 6 18 15 24 20 7 3 19 
6 9 28 6 14 16 17 26 1 10 27 11 8 23 4 13 5 30 22 3 12 21 18 2 29 7 24 20 25 15 19 
7 9 28 26 14 16 1 6 13 10 24 11 20 23 27 17 15 5 30 29 12 19 21 4 3 7 2 8 25 18 22 
8 9 28 10 26 27 30 13 16 12 24 11 20 2 3 17 15 7 1 29 23 25 21 4 14 5 19 8 22 18 6 
9 26 20 23 14 27 7 24 16 28 13 11 2 15 3 22 19 12 1 29 10 25 21 30 4 5 17 8 9 18 6 
10 4 20 23 11 19 3 26 9 28 13 14 2 1 16 22 24 17 27 18 10 25 21 5 30 7 12 8 15 29 6 
11 4 18 19 22 29 2 26 23 28 13 14 3 5 12 16 24 17 27 20 8 11 21 1 25 7 10 30 15 9 6 
12 12 18 19 23 9 3 26 22 28 6 14 2 5 4 16 24 30 21 20 17 11 27 1 25 7 10 29 15 13 8 
13 4 17 27 23 9 3 14 1 12 6 25 21 5 11 16 28 20 30 2 18 22 19 26 8 7 10 29 15 13 24 
14 24 9 13 23 28 3 14 1 30 21 18 6 5 10 16 7 12 8 2 25 22 19 26 27 17 11 4 15 20 29 
15 28 19 15 14 24 3 8 29 30 12 18 16 5 10 9 23 27 26 2 21 22 6 4 13 17 11 7 25 20 1 
16 19 18 14 29 28 3 8 4 30 22 24 16 26 10 9 27 7 17 11 21 6 12 15 2 5 13 23 25 20 1 
17 19 18 14 13 28 3 1 9 16 22 24 7 26 10 4 17 27 11 2 20 6 30 15 23 5 21 12 25 8 29 
18 6 18 12 2 11 3 1 14 16 21 24 9 26 5 4 17 27 10 22 20 28 8 13 23 19 15 7 25 30 29 
19 6 2 12 28 11 3 25 14 16 22 27 20 9 5 4 1 24 10 21 26 7 23 18 8 15 19 17 13 30 29 
20 25 4 12 28 26 6 13 10 16 22 27 23 20 17 5 1 24 14 8 11 7 9 18 2 30 19 21 3 15 29 
21 9 12 28 17 26 6 10 2 16 18 27 23 20 24 5 1 22 14 7 11 8 25 30 13 4 3 21 19 15 29 
22 12 7 6 9 29 28 24 2 21 18 27 13 20 16 4 15 22 14 26 11 8 25 30 23 17 3 10 19 1 5 
23 1 7 24 9 29 28 6 30 21 23 8 14 20 18 4 5 16 13 27 2 10 25 15 11 17 3 22 19 12 26 
24 27 7 24 21 29 10 6 28 26 23 8 14 22 13 11 2 16 9 4 5 20 18 15 30 17 3 25 19 12 1 
25 3 1 6 21 29 10 24 26 15 13 19 14 22 23 11 2 16 20 4 5 7 18 9 17 30 25 28 8 12 27 
26 4 11 23 21 1 10 24 13 12 26 29 14 22 6 16 27 3 17 19 8 7 18 2 20 30 25 28 5 15 9 
27 4 11 18 29 17 10 24 23 12 14 13 26 22 6 16 21 3 1 30 25 7 9 2 20 19 5 27 28 15 8 
28 4 22 8 29 17 27 26 19 12 21 5 24 11 6 30 28 3 15 16 25 7 9 1 14 2 23 10 13 20 18 
29 4 6 2 29 13 28 15 19 12 11 5 20 21 7 30 8 24 18 16 14 26 9 1 25 22 23 10 27 3 17 
30 4 6 2 30 19 15 7 21 12 11 17 26 14 20 29 8 13 18 16 28 9 5 24 25 22 10 23 27 3 1 
1 2 6 9 11 19 29 7 26 12 27 4 8 14 22 25 21 13 17 18 23 16 30 24 15 1 10 28 5 3 20 
2 17 20 28 11 30 29 2 13 12 19 4 7 18 8 16 21 26 9 14 23 25 27 22 15 1 10 24 5 3 6 
3 12 2 27 5 25 10 29 13 6 19 4 7 18 26 8 30 17 9 14 23 21 28 22 20 1 15 24 16 11 3 
4 11 2 6 28 27 10 29 13 4 19 15 21 20 26 8 23 22 9 14 1 30 5 7 3 17 18 24 16 12 25 
5 15 2 6 28 29 19 1 13 4 10 11 21 20 12 17 9 27 16 14 24 30 5 7 25 22 18 8 23 26 3 
6 15 1 16 20 26 19 28 29 23 5 18 2 27 12 17 9 11 14 6 24 30 10 7 25 22 21 8 4 13 3 
7 4 1 18 20 15 17 28 29 25 21 5 23 13 24 19 9 16 14 6 27 30 8 7 10 22 11 2 26 12 3 
8 29 1 23 20 15 17 28 22 19 21 12 30 13 24 16 5 7 14 11 6 18 9 8 10 27 25 2 26 4 3 
9 29 2 21 11 25 17 5 22 19 9 4 14 13 24 10 20 7 6 1 30 18 23 15 26 16 8 28 27 12 3 
10 26 21 28 11 17 24 23 20 9 10 12 16 13 25 6 1 7 14 2 30 18 5 15 29 19 8 22 27 4 3 
11 20 3 10 17 11 24 18 30 9 28 12 27 21 22 6 16 7 14 2 25 23 1 15 29 19 8 13 26 4 5 
12 6 3 10 5 11 1 13 21 9 20 12 17 19 22 7 16 28 18 24 25 23 2 27 29 15 8 30 14 4 26 
13 4 29 10 11 27 16 13 21 30 20 6 17 1 24 7 28 5 18 22 25 23 2 9 19 15 8 3 14 12 26 
14 14 5 19 11 7 16 30 21 13 27 15 17 1 24 26 28 29 18 8 25 23 2 9 20 6 4 10 3 12 22 
15 4 3 28 26 18 22 15 19 13 23 30 17 1 25 11 21 9 7 16 24 14 2 12 20 6 5 10 27 29 8 
16 4 3 11 26 8 22 30 15 14 5 18 12 1 25 28 21 10 7 16 24 13 2 17 29 9 6 23 27 20 19 
17 4 3 29 28 5 22 27 21 26 20 18 9 8 11 14 1 16 7 10 15 13 2 17 30 12 6 23 24 25 19 
18 4 25 5 28 7 1 17 27 26 20 12 2 18 11 10 13 16 14 30 15 8 9 21 29 22 19 23 24 3 6 
19 4 25 3 28 7 1 2 24 30 8 19 20 29 11 12 10 13 14 21 9 16 15 5 18 22 17 23 27 26 6 
20 4 9 16 19 21 1 2 3 14 6 28 20 29 24 12 11 10 30 7 22 13 15 5 18 26 17 27 23 25 8 
21 4 3 16 19 20 1 2 30 14 23 28 6 26 29 5 10 11 21 7 22 13 12 15 17 8 18 27 9 25 24 
22 28 3 9 19 20 8 24 17 21 23 25 2 26 29 13 10 6 14 7 22 11 12 16 30 1 18 27 15 4 5 
23 14 3 16 25 8 30 15 23 21 17 27 19 26 24 13 29 6 12 7 22 11 9 28 10 1 18 5 20 4 2 
24 3 8 1 23 14 21 15 25 16 12 27 26 2 4 13 29 6 17 7 22 11 24 20 5 30 9 10 28 18 19 
25 3 14 2 23 8 21 20 25 24 29 27 18 1 13 4 26 6 15 22 17 11 16 12 5 9 10 30 28 7 19 
26 18 21 17 24 19 4 20 12 25 29 8 15 26 13 14 23 6 27 22 2 11 16 1 5 28 3 30 9 7 10 
27 18 21 17 24 2 4 20 23 25 29 1 14 26 13 9 6 22 27 10 19 8 12 11 5 28 3 30 15 7 16 
28 15 27 17 11 30 22 20 8 25 29 13 7 2 18 23 16 4 6 10 1 5 12 24 9 28 3 26 19 14 21 
29 15 27 17 11 16 22 13 26 25 12 20 9 2 14 23 1 4 24 10 18 6 29 5 30 28 3 19 8 21 7 
30 13 5 6 4 16 22 15 29 25 19 26 9 2 21 20 1 11 24 18 14 10 23 27 30 28 3 12 8 17 7
