100
1 1 85 46 4 5 41 75 70 52 72 36 80 90 34 15 16 17 18 94 83 6 12 7 24 61 26 27 98 68 96 31 32 33 66 77 51 37 56 39 25 62 42 43 44 45 60 47 48 65 40 78 50 64 19 82 38 57 58 59 3 21 49 63 53 87 20 67 23 69 76 35 10 30 74 11 8 55 9 79 22 81 28 73 84 97 86 54 88 89 13 91 92 93 71 95 14 2 29 99 100 
2 78 85 15 20 89 43 65 70 12 72 36 79 90 53 44 16 17 18 94 83 48 52 7 60 6 22 27 92 87 41 68 51 23 19 73 32 93 56 39 25 28 69 59 8 45 5 61 47 82 40 1 50 63 91 74 38 57 58 98 14 21 49 24 75 31 11 67 33 80 99 62 81 3 96 35 46 76 9 30 26 10 4 77 84 37 86 54 88 64 13 66 42 29 71 95 34 2 97 55 100 
3 78 85 37 20 72 89 65 11 12 4 26 79 66 53 35 36 60 59 81 83 40 22 16 17 6 52 43 92 80 41 68 57 10 19 73 32 55 56 39 25 28 82 86 100 33 5 95 27 69 18 51 7 63 75 74 38 15 58 98 14 8 87 24 91 31 49 71 45 62 99 84 2 3 96 13 46 76 9 34 50 23 67 88 44 1 21 54 77 70 47 90 64 29 48 61 30 94 97 93 42 
4 97 81 14 18 72 82 65 11 12 4 26 78 22 67 68 100 75 35 58 83 40 94 25 31 17 2 62 92 8 71 3 41 33 19 73 76 55 56 89 16 28 30 86 36 10 5 95 27 69 13 51 7 63 60 74 29 15 99 39 57 90 87 24 91 38 70 66 45 49 34 84 52 44 96 20 46 85 1 21 50 23 48 88 59 9 6 54 77 79 64 53 47 80 37 61 98 43 32 93 42 
5 9 100 66 18 28 52 72 11 12 4 26 78 33 8 84 44 75 35 82 13 92 32 59 51 17 49 62 21 20 93 56 41 57 3 68 23 55 19 89 16 38 71 1 36 10 53 7 27 90 83 58 6 25 60 74 29 87 99 39 64 81 15 24 47 65 85 14 45 2 67 73 30 42 96 69 46 76 86 22 50 70 48 88 63 97 95 54 77 79 91 5 31 80 37 61 98 43 94 40 34 
6 22 15 66 89 19 52 72 11 12 48 26 56 33 71 84 36 47 35 65 70 91 32 59 55 17 34 78 21 53 93 77 41 7 3 68 97 99 14 96 94 1 8 62 85 31 25 57 27 90 29 58 82 16 60 74 49 23 39 43 64 81 83 30 75 13 50 28 45 2 67 88 24 73 18 69 10 20 86 44 38 6 37 9 63 87 95 54 79 42 92 5 46 80 76 61 98 51 4 40 100 
7 22 41 64 89 31 52 54 55 76 8 26 94 15 1 88 36 29 34 65 20 98 32 59 11 17 83 70 21 30 93 77 78 7 100 61 97 99 14 72 71 12 62 57 85 3 25 50 27 24 42 58 90 68 60 92 66 19 39 48 49 81 82 53 75 13 35 37 45 2 67 84 33 73 16 69 10 87 86 44 38 6 56 9 63 43 95 18 79 47 74 5 46 23 28 96 91 51 80 40 4 
8 59 41 5 40 31 52 34 78 76 8 26 94 83 1 11 36 29 74 12 50 98 66 22 77 17 48 37 70 86 93 28 61 7 60 55 46 99 35 72 58 68 33 57 85 3 21 97 27 23 42 71 90 82 80 92 32 19 39 15 95 44 10 53 64 13 14 65 45 2 67 91 62 24 16 69 20 87 30 100 56 6 54 47 63 88 49 18 79 9 84 75 25 51 96 43 38 81 73 89 4 
9 56 41 5 99 31 81 94 92 19 8 40 88 93 1 11 16 42 18 3 50 98 66 29 77 17 48 80 57 86 34 33 61 59 4 55 46 54 75 72 45 25 28 83 85 12 21 97 27 23 100 38 90 76 73 13 22 91 39 15 6 24 10 53 64 70 95 67 58 2 36 43 87 44 37 69 84 62 30 63 89 7 35 47 32 68 82 74 79 9 20 65 78 71 96 49 51 52 26 14 60 
10 17 87 98 99 65 76 94 92 2 55 40 96 93 9 11 59 88 86 1 78 53 66 29 82 4 31 58 61 18 25 34 56 16 19 70 27 54 32 89 45 33 28 51 24 12 21 97 46 23 100 38 90 81 73 13 22 52 79 15 6 83 71 91 64 49 80 67 95 26 36 72 85 48 43 69 84 37 30 77 62 7 35 47 75 68 42 63 20 10 39 44 50 3 74 8 41 5 57 14 60 
11 17 87 98 45 19 76 94 92 75 85 38 41 93 9 31 72 99 24 63 81 49 5 59 82 8 29 68 79 44 32 64 11 16 55 40 27 13 83 89 74 33 28 51 86 12 21 50 22 60 100 70 90 78 73 42 46 52 61 3 36 25 71 77 34 7 80 67 84 26 18 6 2 48 43 30 88 65 69 54 62 97 35 47 37 95 91 1 20 10 39 58 96 15 53 4 56 66 14 57 23 
12 3 28 74 59 60 78 55 62 93 85 26 41 82 9 33 67 63 76 29 21 49 90 45 56 8 13 44 79 30 32 64 11 4 94 77 71 95 83 89 65 31 54 88 86 39 24 50 22 35 100 84 5 97 36 42 37 52 61 10 69 25 27 99 34 7 75 19 70 98 18 6 14 48 43 68 81 80 73 87 92 72 38 47 46 51 57 1 23 17 12 58 96 15 53 16 40 66 2 91 20 
13 3 66 74 14 60 79 45 35 93 86 88 51 82 9 98 84 63 76 62 1 49 73 72 56 22 95 16 53 30 32 23 36 4 94 77 71 15 44 89 11 48 69 26 12 39 67 50 19 29 100 40 97 5 42 7 37 52 65 10 54 25 24 99 59 8 68 55 70 33 18 6 90 83 43 75 46 80 47 61 27 87 81 34 38 41 57 21 96 17 85 58 64 13 78 31 92 28 2 91 20 
14 91 83 74 42 82 26 72 100 93 29 88 95 31 9 57 84 97 35 62 14 49 58 45 43 77 5 16 53 12 32 25 33 4 94 22 8 15 44 13 11 48 68 24 73 39 37 50 71 86 3 40 89 51 79 7 67 76 65 98 54 23 69 99 10 34 96 55 70 2 18 6 90 66 36 75 92 56 47 27 1 87 81 46 38 41 59 21 20 17 85 19 64 63 78 60 28 52 80 30 61 
15 83 54 6 56 82 26 72 100 90 14 27 95 22 84 89 76 52 86 62 5 41 39 45 15 59 58 16 53 88 32 42 61 4 94 31 7 43 81 10 29 44 67 24 73 20 37 25 63 78 97 40 57 12 79 13 9 68 35 18 99 23 69 91 71 34 96 55 70 2 1 74 28 66 36 75 92 50 48 87 98 51 47 46 38 49 8 21 93 17 85 19 64 11 65 60 77 33 80 30 3 
16 87 38 6 80 82 26 72 33 3 14 29 95 18 24 51 28 4 54 50 5 81 39 45 15 59 79 35 23 88 32 42 30 27 92 68 11 46 7 10 22 83 67 84 57 20 37 25 86 78 97 40 73 12 94 60 61 31 43 91 100 98 69 99 65 34 96 52 70 77 1 74 76 21 36 75 58 90 48 13 53 8 47 71 9 62 89 16 55 17 85 19 56 41 66 44 2 93 64 49 63 
17 87 98 47 80 82 26 72 33 89 75 29 66 52 24 95 2 3 88 68 85 81 28 57 56 4 79 38 23 69 67 39 44 27 92 1 59 10 7 62 21 83 22 51 11 90 37 25 86 65 97 40 73 12 71 60 15 55 43 91 100 94 45 99 70 34 96 17 5 77 30 74 76 32 36 53 58 20 48 13 54 8 63 49 9 6 14 42 16 18 31 19 61 41 84 50 78 93 64 35 46 
18 72 69 29 21 82 4 87 18 89 75 32 30 64 76 52 2 3 10 68 37 81 28 57 93 26 47 38 83 98 12 43 94 27 92 63 59 88 7 62 78 96 22 95 11 97 84 60 86 65 67 40 51 16 34 24 1 42 46 91 100 35 45 99 70 39 23 36 5 13 66 25 74 79 17 20 44 14 48 80 54 8 41 49 9 56 33 55 15 58 31 90 61 19 71 50 77 6 73 53 85 
19 53 69 4 21 59 77 73 16 29 75 26 30 64 76 98 92 62 10 38 83 37 46 57 2 68 52 93 81 95 12 28 99 27 47 71 82 65 7 6 78 96 22 8 11 84 33 60 86 23 67 9 51 90 49 36 1 42 43 18 100 31 85 94 70 44 35 24 5 13 66 80 74 79 17 20 39 14 56 25 54 55 41 58 40 48 61 50 15 34 88 87 63 45 97 91 32 3 89 72 19 
20 53 75 4 41 59 69 27 73 29 30 26 77 64 91 98 23 50 7 40 72 43 46 57 60 68 85 8 74 95 12 100 61 97 80 54 82 65 9 6 17 86 15 20 45 84 33 28 92 96 67 66 51 90 94 48 1 81 37 18 16 31 25 47 32 44 35 24 76 13 19 11 2 79 78 36 39 87 56 34 3 55 93 58 38 62 99 71 22 52 88 14 63 49 42 5 70 21 89 83 10 
21 53 75 4 41 59 72 27 73 28 5 94 80 29 91 98 79 50 47 40 63 76 46 1 7 83 35 8 67 95 88 100 43 10 77 54 82 65 3 6 69 86 13 20 2 84 96 92 57 33 61 66 51 90 87 60 78 81 52 18 16 32 25 62 64 89 30 24 37 15 19 11 97 23 74 36 44 26 56 34 85 55 93 58 31 70 99 71 22 68 38 14 9 49 42 48 17 12 39 21 45 
22 68 75 4 83 93 35 27 87 28 41 30 80 72 91 34 32 59 47 40 29 64 25 55 45 9 65 17 51 95 18 14 100 10 73 7 3 86 50 6 1 26 13 20 8 67 63 92 96 33 38 61 76 90 77 36 78 81 52 62 16 79 46 88 5 98 94 82 37 19 57 11 97 23 74 60 44 15 56 48 85 69 66 12 31 70 99 71 22 53 24 54 58 49 42 89 2 84 39 43 21 
23 2 81 4 54 93 35 76 87 28 65 30 41 72 36 19 32 25 5 40 99 89 59 55 45 9 23 98 51 96 18 14 86 79 73 7 3 10 50 6 1 26 13 68 8 67 63 92 100 33 95 64 78 85 66 91 61 75 52 46 80 60 56 27 62 88 94 82 71 47 31 11 97 16 74 48 42 15 34 43 90 69 77 12 57 53 58 37 83 22 24 20 70 49 44 29 17 84 39 38 21 
24 100 5 10 54 34 97 66 87 92 21 81 24 93 27 19 30 17 32 40 99 70 59 44 56 74 62 68 6 85 67 1 86 79 73 18 20 38 58 83 82 91 13 77 8 36 25 52 96 33 95 64 78 90 23 26 35 75 28 69 80 60 45 50 76 72 94 14 61 47 31 11 71 2 9 48 42 65 88 49 7 46 98 12 57 43 16 37 51 22 41 4 89 53 55 29 3 84 39 63 15 
25 58 18 14 54 39 56 66 67 4 21 96 99 93 27 19 81 5 32 6 23 51 41 44 69 60 62 85 92 68 16 3 86 46 1 57 20 38 100 83 12 90 13 77 78 36 30 40 26 47 87 35 8 79 24 97 76 75 15 25 80 74 95 50 43 72 94 63 61 88 82 33 71 2 9 48 42 65 11 49 53 10 34 31 64 17 45 7 52 22 59 70 89 37 55 91 73 84 98 29 28 
26 58 18 14 13 39 30 78 67 48 8 96 37 93 43 40 81 57 32 6 98 34 70 27 69 60 62 47 28 68 16 87 100 46 29 31 56 38 86 83 9 90 54 77 66 36 84 71 26 20 3 45 24 17 59 97 65 19 15 25 80 74 95 50 52 82 44 63 23 88 99 61 75 2 79 21 42 76 72 5 53 10 51 35 64 12 85 7 89 22 55 4 49 33 41 73 91 94 11 1 92 
27 37 91 1 39 13 30 85 43 11 24 82 28 64 19 61 20 57 32 6 98 34 70 27 69 60 62 50 80 16 14 47 100 90 29 52 56 8 86 51 89 46 54 77 45 35 78 55 72 81 3 96 49 17 73 42 65 67 15 25 95 74 97 59 31 76 44 63 23 88 99 40 9 2 79 12 58 94 26 48 53 10 83 36 66 87 84 7 33 22 71 92 38 75 41 18 5 21 93 68 4 
28 37 81 84 76 13 40 80 21 11 44 100 28 10 19 61 20 35 68 57 98 71 75 27 72 59 65 90 94 53 43 47 41 73 29 52 66 63 58 55 12 36 54 77 32 6 16 82 69 91 15 5 18 31 50 42 96 67 3 25 88 74 97 51 17 39 64 8 70 46 23 30 9 2 48 86 87 99 26 79 85 49 83 95 56 89 1 7 33 22 38 92 34 78 60 24 62 14 93 45 4 
29 37 81 84 76 29 36 42 21 11 12 2 31 10 96 43 19 35 68 70 71 14 75 27 72 99 67 57 94 53 63 20 41 40 83 44 65 61 46 52 55 93 26 77 47 97 48 82 79 91 15 56 30 28 8 13 4 66 3 86 23 74 6 51 22 39 16 50 45 78 90 18 9 17 32 25 87 59 54 69 85 49 92 95 5 88 1 73 33 100 38 80 34 58 60 24 64 98 7 89 62 
30 69 81 96 76 97 16 42 61 11 45 98 31 22 28 43 19 1 68 70 2 34 95 27 20 10 75 57 62 53 72 99 50 40 83 44 79 35 36 52 55 93 26 14 47 29 56 84 30 91 17 48 71 82 8 24 4 66 37 86 18 74 6 51 63 38 13 64 12 73 39 41 9 15 32 25 23 78 54 89 85 49 46 67 5 88 21 3 33 100 77 80 59 92 94 90 58 65 7 87 60 
31 69 81 100 76 73 95 7 79 11 84 17 93 92 28 43 61 1 54 64 6 57 16 47 75 10 4 86 62 53 72 99 2 98 56 44 19 27 36 52 55 31 26 9 91 65 40 97 70 25 20 35 83 82 94 24 67 23 37 71 18 13 50 51 45 38 33 30 12 34 39 41 63 15 48 68 66 32 78 89 88 49 46 14 5 85 21 96 74 3 77 80 59 22 8 90 58 29 42 87 60 
32 14 12 82 76 73 95 43 47 83 1 17 93 92 28 11 2 91 27 37 23 53 61 99 62 10 4 86 94 57 72 20 69 98 56 44 19 32 51 68 55 97 22 100 40 6 79 31 35 71 77 70 36 84 75 24 41 65 64 74 18 13 50 7 45 66 81 30 21 34 46 96 63 15 48 25 33 60 78 89 52 49 26 16 5 85 39 88 67 3 9 80 59 38 8 90 58 29 42 87 54 
33 14 12 74 76 3 89 43 47 83 82 29 91 92 69 11 2 98 60 37 23 20 8 1 62 10 4 28 94 46 7 64 72 97 56 34 41 58 51 68 86 22 75 80 40 27 24 31 85 81 77 70 19 93 84 71 13 65 53 36 18 99 50 73 42 66 6 30 21 45 9 96 63 49 48 38 33 78 100 95 52 79 26 16 32 35 39 88 67 61 57 5 59 25 55 90 17 15 44 87 54 
34 19 12 62 42 3 8 27 47 83 90 29 74 92 34 86 48 33 66 59 23 32 31 99 22 10 97 28 94 37 9 36 72 68 64 35 15 61 51 39 11 41 69 91 40 57 24 89 53 81 44 70 55 93 6 50 5 87 100 56 18 1 71 73 76 60 77 30 21 45 96 78 63 82 14 38 98 26 85 95 67 79 7 88 20 75 4 16 52 58 65 13 46 25 49 2 17 43 84 80 54 
35 71 10 88 38 46 99 64 47 20 90 29 30 92 34 32 48 33 1 43 50 86 6 42 67 68 53 61 94 37 9 36 72 27 96 14 15 26 75 24 11 54 69 13 52 57 12 89 97 45 77 74 55 93 31 23 81 87 100 22 18 66 62 73 51 41 35 28 21 56 19 44 63 82 78 83 98 70 85 95 5 79 7 39 3 8 4 58 59 40 65 80 76 25 16 2 17 49 84 91 60 
36 12 40 79 60 46 7 13 47 20 57 29 39 92 94 87 96 91 1 80 72 89 6 42 2 68 53 61 51 69 9 85 21 36 74 81 15 48 75 33 11 54 10 64 52 32 59 26 97 77 76 86 38 4 31 23 14 90 100 19 18 37 62 70 50 41 45 73 34 78 22 5 27 17 56 83 98 84 63 95 35 24 99 30 3 8 93 82 71 49 65 43 88 25 16 67 58 55 28 44 66 
37 12 11 62 60 81 91 13 47 20 57 29 94 26 10 88 96 36 25 66 72 40 59 42 61 24 53 31 33 69 9 17 21 1 74 80 73 38 98 39 44 54 100 6 77 32 46 92 64 97 23 86 48 4 70 76 14 90 7 65 18 75 79 45 50 58 87 2 67 16 22 5 27 78 56 83 37 84 63 95 35 15 99 30 3 8 82 93 52 49 28 43 68 19 89 34 41 55 51 71 85 
38 64 45 26 60 81 13 27 78 99 95 29 94 43 10 51 96 39 62 8 80 87 59 42 61 37 56 88 33 97 92 53 21 2 74 63 73 50 100 93 7 54 90 24 57 20 46 25 1 12 23 86 48 4 31 76 14 98 77 65 18 36 70 85 11 58 40 15 66 16 22 5 91 68 6 83 17 84 9 79 35 69 32 67 3 72 82 75 52 49 28 30 47 19 89 34 41 55 44 71 38 
39 48 93 21 28 81 13 83 78 99 92 29 62 22 10 60 96 16 5 8 12 33 30 63 35 37 54 88 87 100 46 38 31 32 85 20 73 50 97 91 7 56 90 24 59 2 95 68 47 26 23 67 64 79 75 76 86 42 77 9 74 36 65 98 27 11 40 51 66 14 43 94 45 41 6 58 17 84 70 4 89 69 18 15 3 72 82 61 1 49 80 57 52 19 39 34 25 55 44 71 53 
40 48 93 73 45 42 13 83 32 99 77 29 68 5 88 34 96 14 22 8 57 28 64 63 21 69 54 89 67 100 44 38 31 75 85 72 11 49 97 91 16 10 90 98 59 2 43 40 47 26 24 84 17 79 92 33 86 18 52 9 74 36 61 58 27 12 62 51 30 7 76 94 87 41 6 23 66 80 70 4 60 37 81 15 56 50 82 65 1 78 25 35 20 19 39 3 95 55 46 71 53 
41 83 68 73 45 42 13 48 11 99 77 65 92 5 88 60 96 50 57 8 4 70 64 63 21 58 54 28 20 100 44 38 2 75 23 72 3 29 12 91 76 22 26 15 9 31 34 52 36 51 49 84 17 79 82 41 86 85 33 59 95 69 61 35 27 16 62 6 47 7 97 53 87 67 18 90 66 80 14 43 30 89 81 40 56 39 10 1 24 78 25 93 98 19 37 32 46 55 74 71 94 
42 83 59 32 36 42 80 60 11 99 77 73 4 70 12 9 89 24 10 62 46 57 17 26 21 93 49 84 37 100 44 50 3 75 20 14 2 29 96 91 76 22 55 15 48 45 61 81 58 52 88 23 64 79 27 41 5 31 92 68 95 78 34 35 82 16 8 13 47 7 65 18 87 54 53 90 66 38 19 43 30 67 51 40 39 56 71 1 85 69 25 33 98 72 28 97 6 63 74 86 94 
43 15 59 32 36 92 80 58 10 25 29 40 26 70 12 68 89 24 54 63 51 57 30 77 21 93 13 84 20 45 82 42 53 61 85 14 76 60 96 69 2 22 79 74 48 7 4 81 37 52 94 91 64 73 95 6 5 31 99 34 27 71 9 35 44 16 8 55 47 100 65 18 56 46 23 90 66 38 19 87 78 67 3 17 39 11 49 75 1 33 50 43 98 28 72 97 41 62 83 86 88 
44 15 59 34 36 46 85 88 53 86 51 40 26 71 13 32 89 24 54 68 29 66 75 77 55 93 12 6 20 45 82 42 64 87 39 14 63 74 96 5 81 22 17 72 48 2 97 25 37 52 3 60 10 73 19 38 16 30 99 28 18 4 9 35 44 69 8 33 47 100 65 50 56 67 23 90 31 84 95 61 78 1 94 43 80 11 79 7 21 58 41 57 98 27 91 70 76 62 83 49 92 
45 15 59 34 76 39 67 73 53 28 65 40 26 71 13 32 11 31 80 17 29 66 89 77 84 93 86 97 25 45 2 42 64 87 41 37 63 74 96 5 81 22 30 72 88 82 44 51 52 18 91 61 35 9 19 38 27 46 54 75 79 4 48 68 7 69 8 33 56 100 20 50 94 85 99 36 24 57 23 6 78 1 95 43 70 10 14 60 21 58 47 55 98 49 3 90 12 62 83 16 92 
46 15 59 34 76 39 33 63 53 70 10 2 26 71 13 96 100 31 28 17 29 66 89 77 84 52 86 97 25 92 73 82 50 5 61 20 93 30 32 9 90 46 99 45 40 42 44 24 88 51 91 41 8 27 19 38 21 16 62 75 79 4 22 54 7 69 78 35 56 11 37 64 94 85 67 36 18 57 23 81 48 1 95 74 65 68 14 60 80 43 47 55 98 6 58 87 12 3 83 72 49 
47 15 44 2 68 86 33 63 53 88 10 34 39 3 51 96 100 31 28 17 98 66 83 77 26 78 11 95 25 92 64 82 50 5 36 37 93 89 32 12 90 48 75 57 40 42 71 70 76 13 22 69 99 67 1 97 21 91 62 87 79 4 8 24 7 49 20 35 45 18 74 52 61 85 27 94 16 56 23 14 46 19 38 73 81 43 65 60 80 72 47 55 29 6 58 84 9 30 59 54 41 
48 15 46 2 84 31 21 71 53 88 58 68 5 3 77 87 100 78 61 52 38 42 29 63 26 44 11 64 25 92 95 74 50 75 36 4 93 66 19 12 90 96 39 57 54 89 35 70 76 24 22 69 20 67 48 41 30 73 62 86 79 37 8 72 99 49 7 10 9 18 23 17 28 60 27 94 1 56 40 59 55 14 51 91 81 43 65 32 80 13 47 16 83 6 97 85 45 33 98 82 34 
49 32 46 2 13 31 21 44 9 85 58 68 5 77 3 87 78 100 61 12 47 1 90 23 70 20 57 67 25 92 95 74 50 75 7 16 76 45 19 53 63 80 29 8 54 89 35 81 62 24 22 69 48 49 11 41 83 14 28 86 79 10 71 72 30 64 65 37 52 18 60 17 93 51 27 40 73 98 94 59 43 42 99 88 26 55 97 15 96 84 38 4 36 6 56 91 66 33 39 82 34 
50 66 63 62 13 92 48 26 17 85 35 40 5 77 3 87 79 57 61 12 47 65 90 23 36 16 100 59 1 2 95 45 67 75 32 20 76 74 19 53 7 98 83 34 54 89 58 39 21 24 29 69 82 38 11 41 81 50 28 25 93 10 4 9 44 64 78 37 52 18 31 72 86 51 27 68 91 80 94 46 43 42 99 88 33 55 30 15 22 84 49 71 96 6 70 73 56 97 60 8 14 
51 82 63 62 95 68 48 14 12 85 35 31 59 77 40 51 79 57 53 78 20 42 81 11 7 16 100 13 1 2 5 45 30 66 32 64 9 25 34 69 3 98 87 56 54 89 58 39 21 91 29 44 83 38 23 55 67 50 28 74 88 97 4 33 61 47 24 80 52 18 8 17 86 75 27 92 37 72 94 76 43 65 6 36 46 41 90 15 22 84 49 73 96 99 70 71 19 10 26 93 60 
52 82 37 49 89 68 48 88 26 85 35 62 97 86 40 56 12 57 53 78 20 42 81 65 18 16 72 5 79 34 28 17 30 87 69 64 70 23 43 51 22 15 83 24 54 95 58 4 21 91 32 99 47 38 25 55 94 50 9 71 14 59 39 45 3 29 31 80 52 7 8 93 63 6 27 92 98 100 67 76 66 11 75 36 46 13 90 74 61 84 33 73 96 44 1 77 19 10 41 2 60 
53 26 62 80 89 68 9 88 65 85 35 30 97 86 28 56 40 83 87 7 52 100 94 17 78 16 37 39 84 31 23 20 4 53 69 44 70 12 43 51 22 15 57 1 19 95 58 48 21 50 32 99 61 74 38 55 2 98 14 71 18 59 82 45 3 29 34 47 67 36 54 93 63 6 73 92 91 42 5 76 66 77 75 72 46 33 90 11 49 79 8 27 24 64 96 25 13 10 41 81 60 
54 1 62 80 37 68 7 88 65 85 90 30 97 86 72 22 42 83 87 24 52 100 98 17 2 79 89 39 48 31 40 41 54 60 16 58 73 78 43 10 38 15 27 75 19 95 34 99 28 50 32 84 51 74 91 55 26 94 77 76 14 59 4 45 23 18 3 47 33 36 82 93 20 6 81 92 53 9 5 71 66 12 69 21 46 70 35 11 49 13 8 57 44 64 96 25 56 61 67 63 29 
55 1 28 80 30 68 19 56 65 61 90 74 94 21 36 84 72 33 87 82 48 95 73 17 2 93 55 39 37 44 40 79 88 60 16 8 53 89 91 27 38 57 10 75 6 62 34 99 78 50 32 4 51 58 100 85 66 24 77 76 14 43 22 45 23 18 3 9 83 42 12 54 20 70 81 92 98 63 5 71 26 97 69 86 7 47 35 11 96 13 59 52 15 64 49 25 41 31 67 46 29 
56 92 48 22 30 68 100 40 65 66 56 93 8 1 36 84 46 37 87 58 28 95 26 13 2 74 21 39 63 3 27 57 19 45 16 20 53 89 91 33 35 79 54 75 6 99 85 62 24 64 14 97 51 82 94 71 88 90 77 44 32 43 31 60 86 25 76 9 83 42 12 10 50 78 81 61 72 70 5 80 73 4 69 23 7 17 38 98 96 55 59 52 15 18 49 11 41 34 67 47 29 
57 49 93 22 92 95 34 94 3 87 56 48 8 1 44 14 46 17 70 43 35 68 2 13 82 74 51 60 63 78 27 57 19 5 16 91 53 89 20 33 52 76 80 75 26 99 85 62 24 28 12 97 21 42 40 29 88 90 98 100 32 67 31 39 86 25 7 9 83 18 84 10 6 15 69 11 36 45 64 96 4 61 66 23 79 37 38 77 54 55 59 81 65 47 30 73 41 58 72 50 71 
58 73 93 22 92 1 53 40 13 70 29 16 8 95 44 80 38 11 87 43 48 19 2 3 42 74 51 32 58 78 56 96 68 5 18 35 34 90 20 33 67 76 82 27 50 99 85 62 24 75 12 54 52 14 21 46 88 69 71 86 65 59 64 39 81 26 28 9 83 57 84 94 66 91 89 17 36 6 61 15 4 31 45 23 100 37 97 77 79 55 63 7 30 47 60 49 41 10 72 25 98 
59 47 93 22 92 19 65 79 75 21 29 64 33 11 44 14 38 70 87 63 81 1 95 71 42 61 94 10 58 53 68 96 24 69 18 35 74 90 20 9 97 76 80 78 57 59 54 62 17 13 12 15 2 66 52 23 83 89 3 86 51 99 40 100 48 26 28 39 88 50 77 43 82 91 25 56 16 6 8 85 34 31 45 46 73 37 67 84 36 55 32 7 30 27 60 49 41 4 72 5 98 
60 47 93 62 48 96 45 99 75 35 42 64 33 67 19 14 38 70 77 63 32 1 95 88 29 22 28 10 59 72 68 44 76 37 2 21 74 9 20 90 100 24 80 78 57 11 54 4 91 13 81 15 97 18 52 61 53 73 3 85 87 79 40 51 92 66 94 58 25 50 5 82 43 49 71 7 8 6 16 86 26 31 41 56 23 69 39 84 36 55 89 46 30 27 83 17 65 34 60 12 98 
61 33 95 90 99 38 28 77 51 6 42 64 5 9 19 57 24 70 72 92 32 1 93 30 29 22 62 10 75 2 88 37 76 60 14 96 4 35 20 74 94 7 80 81 48 52 15 85 47 13 78 17 97 98 34 61 12 73 3 65 87 79 40 59 63 66 100 58 43 11 36 82 25 49 71 21 8 83 16 56 26 44 84 86 23 69 39 41 91 55 89 46 68 27 67 18 45 50 53 31 54 
62 33 59 90 99 79 48 77 51 6 62 97 25 61 91 57 47 38 72 86 12 78 93 30 29 36 21 92 75 2 88 42 76 60 14 96 9 73 20 22 66 7 80 98 43 1 15 85 3 46 17 52 95 81 34 26 89 37 24 55 87 71 50 94 63 27 100 58 70 39 35 23 16 49 4 83 40 64 5 56 28 44 84 10 82 69 31 19 11 65 32 13 68 74 67 18 45 8 53 41 54 
63 88 74 46 45 79 43 77 51 6 62 97 36 24 55 16 29 38 15 86 61 78 93 72 81 25 100 92 64 21 33 42 76 22 14 96 9 50 98 37 66 7 13 53 85 1 48 30 84 90 75 52 95 47 57 71 2 68 31 11 87 63 73 54 82 27 20 10 70 39 35 17 67 49 80 83 40 12 5 69 28 44 99 58 26 56 23 19 91 65 60 4 32 8 94 18 3 41 89 59 34 
64 88 74 13 98 79 43 97 51 6 93 59 63 41 30 17 29 19 11 23 15 78 61 99 31 3 40 92 64 21 33 47 76 18 14 96 9 50 91 37 57 46 81 39 85 68 7 44 84 90 56 48 95 24 66 58 2 1 65 86 87 25 73 54 82 53 20 94 55 27 28 72 12 45 70 83 100 67 5 69 35 34 16 71 26 10 75 38 49 52 60 4 32 22 62 8 36 42 89 77 80 
65 72 74 10 51 53 43 36 44 6 89 54 23 41 83 17 29 19 95 87 78 12 30 99 58 50 40 26 64 61 56 91 76 18 31 52 9 37 82 47 21 65 81 98 85 33 7 86 27 16 68 48 79 69 62 57 2 1 46 34 45 24 73 14 3 11 20 94 55 75 28 88 42 71 70 25 100 67 5 59 35 15 90 63 32 92 39 38 49 96 60 4 13 22 66 8 97 84 93 77 80 
66 1 52 91 51 66 64 36 80 13 73 54 23 41 31 22 17 69 86 74 78 68 18 30 58 50 15 26 43 29 56 10 84 99 6 83 9 37 82 44 46 67 49 100 85 33 11 21 27 16 12 48 47 7 62 57 2 72 63 34 45 97 76 39 3 14 20 94 81 53 19 88 42 71 70 75 98 65 92 59 35 40 90 87 32 5 93 25 79 38 60 24 4 61 96 8 55 89 28 77 95 
67 41 3 77 87 11 64 36 25 52 73 54 59 26 18 22 71 30 86 81 93 68 23 16 15 50 24 1 4 29 6 95 74 99 61 83 9 58 82 84 56 89 55 100 85 33 37 92 44 69 31 48 47 72 78 46 2 75 66 34 45 91 13 65 19 94 20 14 7 53 76 88 42 51 70 57 98 17 21 90 5 40 62 63 32 35 12 80 79 38 60 39 43 27 96 8 49 67 28 97 10 
68 100 74 77 99 11 24 27 37 52 43 54 9 26 18 22 92 70 86 2 93 68 4 23 64 50 79 73 87 29 36 95 12 98 61 83 35 58 82 84 56 89 60 78 1 15 25 65 44 69 31 81 47 72 41 53 51 33 66 34 45 91 17 71 19 94 13 80 8 46 30 88 42 75 7 21 16 20 63 90 5 85 62 57 32 59 48 14 49 38 55 39 96 3 6 40 97 67 28 10 76 
69 67 79 77 18 11 100 7 32 52 78 54 25 72 61 22 92 55 3 16 93 65 96 40 1 50 74 75 13 95 36 29 94 98 90 21 23 24 82 84 47 89 56 63 64 91 12 99 33 69 31 81 60 58 41 27 51 42 66 10 45 86 17 35 19 46 97 80 70 9 30 88 4 14 44 2 83 20 37 68 5 85 62 57 34 59 48 73 6 38 8 39 15 49 53 71 87 26 28 43 76 
70 67 31 8 69 11 73 7 32 52 14 39 25 90 94 22 55 16 3 97 40 33 96 83 82 64 9 37 81 95 45 13 49 54 18 93 87 24 35 100 59 99 56 78 50 48 63 12 77 72 23 29 60 58 41 27 70 61 66 68 92 21 75 36 19 46 1 80 51 74 30 38 98 89 44 2 79 15 17 10 5 85 62 65 34 71 91 4 6 88 57 84 20 42 53 47 86 26 28 43 76 
71 43 31 8 35 11 73 87 66 52 70 17 1 77 94 33 55 16 3 89 40 22 58 83 82 15 61 37 88 95 29 13 49 81 97 93 7 9 69 25 96 99 18 78 50 48 62 12 90 72 23 54 6 59 85 27 24 34 56 91 71 21 75 20 45 46 98 80 51 68 30 38 100 60 44 42 19 64 14 10 5 41 63 65 32 39 74 4 47 57 79 84 92 2 53 36 86 26 28 67 76 
72 43 31 46 35 11 73 77 66 90 45 17 97 49 94 20 72 93 23 89 12 79 58 83 28 15 30 37 88 95 21 13 87 81 2 48 59 41 69 40 54 10 18 55 50 8 96 70 52 100 63 38 6 7 85 1 24 34 68 36 19 29 32 33 99 16 98 56 39 57 92 27 3 60 71 42 91 26 14 25 5 9 44 78 75 51 74 4 82 47 22 84 61 62 53 64 86 65 80 67 76 
73 92 39 46 34 65 96 53 26 90 45 17 56 49 27 20 4 93 99 73 12 79 58 6 28 36 30 42 88 95 21 2 78 81 74 25 72 67 69 13 97 10 23 11 50 40 89 47 52 29 75 38 83 51 76 1 24 15 68 44 37 55 32 33 18 16 98 54 31 57 43 35 3 60 80 59 91 7 14 94 5 9 66 87 63 64 100 8 82 70 22 84 61 62 77 71 86 41 48 19 85 
74 91 56 46 34 8 20 11 61 90 30 84 96 48 27 39 4 93 25 72 77 79 33 63 28 67 40 42 6 50 21 1 78 81 74 49 24 85 69 13 92 10 60 53 44 45 89 47 52 17 71 38 62 51 26 57 99 9 22 2 37 55 83 82 18 16 98 54 31 80 43 3 76 23 68 94 97 7 14 95 5 15 75 87 73 64 100 32 35 70 59 29 86 65 12 88 58 41 36 19 66 
75 91 56 85 53 34 78 11 28 63 70 96 84 48 17 46 4 93 50 30 65 97 33 90 18 67 15 24 6 20 25 40 80 81 19 49 94 39 69 13 92 72 60 5 51 45 89 47 8 44 71 38 79 58 26 57 75 9 99 35 37 55 83 82 22 16 98 54 73 64 43 3 76 2 68 42 23 100 87 95 32 21 10 36 31 1 7 27 62 61 59 29 86 77 12 88 52 41 14 74 66 
76 91 56 85 30 21 78 11 28 3 70 96 15 89 66 46 98 27 50 20 43 97 33 90 68 76 65 24 51 32 25 4 73 62 83 13 94 8 69 40 92 35 34 5 6 45 81 47 39 57 93 55 29 48 26 44 75 9 99 72 37 82 49 100 18 80 77 54 84 64 53 63 67 22 60 42 23 17 87 95 38 74 10 36 31 1 7 2 14 61 59 79 86 58 12 88 52 41 16 19 71 
77 91 11 85 92 64 88 55 28 3 48 96 1 47 66 46 53 27 30 59 43 6 49 84 68 18 78 26 51 32 70 4 9 62 83 42 41 65 50 36 69 35 34 54 97 45 81 12 39 67 93 73 95 25 23 74 75 8 80 15 56 40 24 100 31 99 77 5 58 57 37 17 21 52 60 33 94 87 63 98 38 29 72 82 76 10 7 2 14 61 20 79 86 89 90 44 22 13 16 19 71 
78 9 78 29 22 64 88 65 28 47 25 91 1 95 80 35 53 27 49 59 34 6 55 83 48 57 97 26 51 32 70 4 68 15 72 81 41 67 50 36 69 46 82 54 90 45 42 12 39 98 93 73 13 10 71 14 100 8 37 62 56 84 30 75 31 99 85 16 58 96 18 21 17 52 60 33 76 87 63 66 38 43 5 77 44 24 7 92 74 61 89 79 86 20 23 2 94 3 40 19 11 
79 61 55 80 94 64 91 51 19 72 26 35 39 95 78 46 8 17 40 59 43 100 85 66 70 57 97 27 65 32 54 41 68 15 47 24 4 14 9 77 69 53 82 81 76 45 49 12 33 98 62 73 34 38 71 67 6 13 56 93 89 84 30 75 31 99 29 16 52 28 18 21 88 58 36 60 90 87 63 83 10 42 5 1 44 50 7 92 74 48 37 79 86 20 23 2 96 3 22 25 11 
80 21 29 95 62 64 98 44 83 86 26 35 8 60 13 77 39 59 40 56 96 100 85 1 48 57 97 27 65 11 54 16 68 15 47 24 55 84 9 87 80 53 17 81 76 82 32 12 33 46 51 73 34 38 90 67 6 78 28 93 89 91 30 37 31 99 4 41 58 20 18 61 88 52 49 14 70 69 63 45 43 10 5 75 94 50 7 92 74 71 2 79 23 19 42 25 36 3 22 66 72 
81 35 29 34 62 64 58 24 83 71 26 4 8 12 13 51 72 59 40 89 96 100 65 38 1 48 23 9 79 11 53 16 84 15 49 74 87 25 27 33 80 69 47 81 76 14 32 92 55 31 77 98 95 42 90 67 6 52 28 93 45 91 30 37 57 99 85 41 78 18 94 88 61 7 17 21 86 54 63 56 97 10 20 75 5 39 73 82 44 70 2 22 46 3 43 19 36 68 60 66 50 
82 35 29 94 89 58 9 90 83 54 60 50 70 2 98 51 72 59 40 62 85 100 33 61 43 46 23 13 79 11 53 7 84 15 74 34 87 68 77 99 32 69 47 42 91 14 8 92 36 96 28 56 95 16 24 67 80 52 21 64 45 78 20 37 57 65 19 44 6 18 49 93 41 55 17 27 86 71 76 48 39 10 5 30 75 97 73 82 38 31 12 22 88 3 25 63 81 1 26 66 4 
83 71 53 94 6 98 60 57 83 54 90 50 17 2 58 26 49 27 40 11 47 100 4 66 93 46 18 13 79 56 29 7 37 72 74 63 87 68 51 48 88 10 23 22 92 14 82 8 21 39 30 12 95 52 24 67 64 16 59 80 32 78 20 84 25 65 19 44 3 42 61 43 41 9 70 86 36 35 28 89 96 69 5 91 75 97 73 76 38 31 62 85 45 77 99 34 81 1 55 15 33 
84 84 64 94 13 4 100 57 78 54 90 42 38 10 58 26 27 82 40 79 49 52 98 44 93 16 18 6 83 72 8 51 37 65 33 63 99 46 7 48 88 97 61 22 92 14 67 25 23 87 41 66 95 60 59 85 56 30 86 80 21 11 20 71 75 32 19 12 3 62 24 43 17 9 70 39 36 35 28 89 1 69 5 91 29 2 81 76 73 31 74 47 45 77 50 34 53 96 55 15 68 
85 84 71 11 17 4 51 57 78 8 90 42 38 98 36 79 54 82 28 93 26 52 10 44 49 61 55 18 83 72 27 94 37 67 43 24 60 69 96 30 88 23 47 58 15 14 73 40 5 87 41 68 100 99 59 9 92 63 86 80 21 75 20 53 39 32 7 12 13 66 64 33 3 1 85 62 22 35 25 19 70 34 97 91 29 2 81 76 65 31 74 48 45 95 50 46 77 89 6 56 16 
86 81 34 96 17 4 88 69 75 8 42 90 38 78 5 15 54 11 28 77 26 52 94 76 25 41 55 85 9 67 70 91 37 43 57 61 60 86 48 19 35 23 47 58 31 24 40 36 95 51 73 64 100 99 30 83 92 32 93 80 20 33 21 53 39 63 7 68 13 66 10 98 3 1 18 62 22 14 89 12 27 71 97 49 29 2 84 44 65 79 74 82 45 87 50 46 59 56 6 72 16 
87 98 19 96 80 68 27 69 85 4 42 75 38 78 5 15 54 11 36 77 83 52 60 76 25 29 55 90 9 18 26 91 37 10 82 61 16 86 48 30 35 79 47 58 94 24 40 31 3 51 45 64 84 63 8 95 62 32 92 97 20 33 21 53 39 70 7 34 14 66 43 81 100 49 67 1 28 13 12 89 73 71 99 2 93 41 57 44 65 23 74 59 6 87 88 22 56 50 46 72 17 
88 84 19 20 80 68 22 57 70 4 42 75 59 78 37 3 81 11 64 21 83 52 60 96 66 47 46 26 41 18 90 91 8 10 32 15 9 67 48 30 35 79 29 58 86 24 40 93 54 51 12 1 69 63 5 95 34 73 92 55 88 33 2 65 43 85 7 62 97 25 39 45 6 49 44 27 50 13 14 89 82 71 99 77 87 100 98 94 31 23 74 38 28 76 53 72 56 16 61 36 17 
89 84 52 20 42 41 9 57 70 72 26 38 85 59 82 25 81 11 49 21 90 5 46 96 66 47 60 69 58 13 91 83 98 51 32 54 14 67 15 30 18 75 24 34 86 29 40 56 48 78 12 1 3 23 99 64 37 19 92 55 79 33 2 65 93 10 7 88 95 43 39 45 36 63 87 27 50 35 22 89 8 71 100 80 77 73 62 94 17 97 74 68 28 76 53 4 44 16 61 6 31 
90 92 81 35 67 12 9 71 16 47 26 38 80 83 84 90 52 25 53 21 91 64 48 61 11 68 42 95 58 15 66 36 98 82 34 70 27 85 39 30 20 1 24 75 43 29 40 56 46 78 88 99 62 23 54 100 37 19 65 55 79 33 2 51 93 10 41 18 69 7 31 45 59 13 87 14 50 63 22 89 8 57 5 60 77 73 6 72 17 97 74 94 28 76 49 4 44 32 96 3 86 
91 3 100 97 87 12 92 88 57 40 26 73 51 19 85 90 52 76 20 21 82 64 48 61 11 68 80 86 8 69 66 36 34 91 89 70 27 15 39 30 53 1 24 75 28 29 54 31 46 78 71 99 49 10 33 42 74 47 65 35 79 94 2 62 93 23 41 37 84 14 56 72 59 13 67 9 50 43 22 98 95 7 63 60 44 38 25 32 17 58 18 55 5 77 6 4 81 45 96 16 83 
92 54 95 79 43 47 63 88 51 62 26 19 99 46 35 90 52 61 20 81 29 64 33 49 34 68 80 42 100 69 66 36 11 30 89 40 98 15 27 91 53 24 82 75 28 39 10 31 73 8 14 1 76 70 48 86 71 59 77 97 85 94 16 78 93 23 41 12 84 74 44 72 37 13 65 17 50 87 60 57 45 7 38 92 56 22 25 6 9 58 18 55 5 67 2 4 21 3 96 32 83 
93 80 95 67 43 85 63 52 13 64 26 93 77 75 35 25 8 79 38 55 16 62 33 49 37 68 94 42 100 69 66 76 11 47 89 15 32 40 23 91 78 7 58 19 60 39 10 31 73 9 57 30 36 86 48 1 2 59 99 90 70 4 29 82 61 87 41 12 84 74 44 72 34 51 65 17 46 27 3 14 97 81 20 92 56 5 45 96 21 22 18 28 53 88 71 6 50 24 54 98 83 
94 70 99 4 100 85 64 36 94 63 48 89 11 49 35 44 3 66 38 55 96 43 33 27 80 75 13 42 59 69 79 56 50 47 77 15 32 81 23 10 93 7 58 20 95 39 5 31 73 78 2 30 52 86 53 1 57 16 98 90 60 67 74 82 61 87 41 12 28 97 25 54 34 51 65 17 46 92 8 14 88 40 19 24 18 83 45 26 21 22 37 91 84 72 71 6 68 9 29 76 62 
95 70 36 95 56 35 55 85 74 63 48 71 11 66 43 21 19 75 73 64 84 82 79 51 37 27 13 42 59 69 33 40 89 47 77 15 32 24 23 10 93 7 58 5 60 57 20 31 38 18 17 30 52 67 53 45 6 16 41 90 78 54 91 39 61 87 9 12 28 97 25 92 34 49 65 86 3 1 8 68 62 88 46 4 44 83 81 26 99 22 80 2 96 72 50 94 14 98 29 76 100 
96 25 47 95 54 74 55 13 61 84 48 60 5 4 43 17 89 75 29 32 38 26 72 71 37 56 39 11 59 64 35 40 70 21 77 15 58 24 23 1 93 7 52 85 36 9 65 31 63 18 51 94 42 67 69 45 30 16 53 10 78 91 68 99 20 87 57 2 86 97 19 92 81 83 34 73 3 90 8 27 62 88 46 66 44 49 33 82 41 22 80 12 96 79 50 98 14 6 28 76 100 
97 70 78 29 54 31 7 36 86 3 48 83 23 4 92 32 79 75 76 26 51 88 72 71 87 49 39 11 6 17 35 40 84 55 2 15 58 30 77 95 34 21 52 16 27 9 65 28 63 69 42 24 38 67 20 45 94 25 64 10 85 13 68 99 93 73 57 5 61 97 19 43 81 60 1 46 47 90 8 89 62 100 37 66 44 56 33 82 41 18 80 12 96 53 50 98 14 59 74 91 22 
98 28 78 41 52 72 36 48 86 99 30 10 49 2 70 32 79 75 42 80 55 88 31 71 18 66 39 60 6 37 35 15 84 25 4 40 58 19 98 95 34 21 77 8 27 100 93 46 89 69 76 24 38 67 17 50 61 83 64 62 29 13 68 82 45 63 57 5 94 97 74 44 7 11 87 85 47 90 33 92 43 65 20 23 53 56 16 3 51 1 54 12 96 73 9 26 14 59 81 91 22 
99 15 78 33 22 24 39 48 86 4 53 10 41 2 21 72 45 75 42 80 3 98 31 71 16 63 36 60 6 89 28 26 38 57 88 7 58 100 99 8 34 30 77 95 27 65 79 46 37 13 55 35 87 67 17 50 59 83 64 62 29 69 68 73 66 84 25 5 74 32 54 44 40 90 93 85 23 11 49 92 43 97 1 47 20 56 19 70 51 94 52 12 96 82 9 18 14 61 81 91 76 
100 19 99 11 22 100 64 68 86 4 53 87 41 20 21 8 45 17 42 75 60 98 73 71 54 61 97 3 6 89 28 26 80 57 88 7 39 56 72 90 27 85 69 95 34 65 79 46 2 76 55 37 67 50 13 77 59 83 31 33 16 12 9 29 66 84 25 1 74 5 81 44 40 78 48 52 93 38 49 92 43 36 14 47 32 24 15 35 51 94 30 63 96 18 23 82 70 58 10 91 62 
1 47 72 52 99 26 50 4 10 68 21 87 41 20 7 8 45 17 42 98 60 75 86 71 53 6 97 100 55 16 28 3 80 57 88 58 39 56 14 46 27 54 69 11 89 73 79 12 91 96 36 9 67 66 13 1 64 43 32 33 78 59 37 29 84 51 25 77 74 5 81 44 40 95 35 34 90 38 49 92 22 2 83 48 31 24 15 19 70 61 30 94 62 18 23 82 63 93 65 85 76 
2 52 72 98 54 2 14 94 80 68 21 31 48 1 90 5 45 27 70 46 44 75 30 71 53 6 81 100 55 16 28 3 76 57 10 58 39 47 50 78 88 49 69 11 89 73 79 59 41 18 36 65 67 66 86 97 64 43 20 63 56 33 37 96 84 51 7 77 74 32 12 8 40 13 35 34 42 38 26 92 22 99 29 91 87 24 15 19 17 61 60 62 4 25 23 82 95 93 83 85 9 
3 52 47 98 17 2 35 49 8 53 21 31 14 1 68 100 78 27 90 82 44 75 32 71 66 6 4 39 80 86 41 3 76 57 10 67 73 46 79 91 59 61 69 11 89 62 15 88 56 23 36 65 28 29 54 97 64 43 83 55 92 7 37 96 72 51 33 77 74 18 40 50 48 13 58 34 42 38 84 12 22 99 63 45 87 24 16 19 60 94 26 5 81 25 30 70 95 93 20 85 9 
4 95 47 79 17 81 35 49 6 92 58 3 22 27 68 41 9 73 90 72 15 18 59 69 66 8 37 39 13 86 61 10 76 57 55 67 80 46 98 65 32 100 99 11 89 62 60 88 56 23 83 91 28 63 2 48 64 84 14 78 53 7 42 96 71 51 33 44 1 54 40 50 29 74 26 94 36 38 4 12 43 82 97 45 87 85 16 19 77 34 75 5 21 25 30 70 52 93 20 24 31 
5 95 47 59 75 81 79 49 97 92 89 3 9 24 68 99 93 73 1 72 33 30 84 69 100 8 37 39 18 19 38 10 5 57 22 67 4 15 98 13 31 11 66 41 90 62 34 40 64 23 43 55 52 50 78 48 61 80 14 21 53 7 42 12 71 51 74 44 76 54 88 46 63 56 26 94 36 65 29 96 28 17 70 45 87 85 16 86 77 27 82 58 2 25 35 6 91 83 20 60 32 
6 76 34 39 71 20 11 49 97 37 89 1 60 24 58 72 43 73 81 91 46 30 84 47 62 3 36 83 18 19 38 10 67 17 22 12 4 15 98 13 96 74 21 48 90 26 51 40 64 23 65 55 44 61 57 9 66 80 14 31 53 78 94 5 92 69 75 52 95 68 88 41 63 56 100 42 6 93 29 50 28 7 33 45 87 85 16 86 77 27 99 2 54 8 79 35 82 59 25 70 32 
7 60 34 49 71 73 11 99 15 93 66 69 76 24 58 72 36 9 81 56 43 35 84 47 29 3 37 83 89 22 38 10 67 17 18 12 97 62 13 59 96 74 23 48 90 2 77 20 42 40 41 55 44 27 57 25 70 80 26 68 32 78 94 16 92 54 75 52 95 31 88 65 63 91 100 61 6 79 4 82 28 7 8 45 87 85 5 86 51 64 39 14 50 33 21 30 98 1 46 19 53 
8 60 53 81 93 28 57 41 37 51 55 44 76 24 47 72 36 9 29 56 43 8 84 58 78 67 6 99 89 25 22 10 61 17 18 14 49 87 2 59 85 35 23 48 90 97 77 91 13 40 83 64 42 27 70 73 4 80 26 54 66 15 5 16 92 50 75 52 19 31 21 62 63 20 34 3 65 79 68 82 38 7 94 86 11 96 74 45 69 32 39 12 71 33 88 30 98 1 46 95 100 
9 88 6 35 93 67 41 60 95 51 26 7 76 24 37 85 16 94 78 39 43 8 81 58 61 74 53 77 89 64 22 10 59 80 2 1 49 28 97 92 83 47 23 48 90 55 79 91 13 40 18 25 56 27 75 72 57 82 73 42 5 15 14 3 29 50 99 52 19 31 36 62 63 20 34 45 65 70 9 17 38 44 100 86 11 32 87 21 69 54 96 12 71 33 4 68 98 84 46 66 30 
10 41 6 15 21 67 24 43 33 26 51 92 76 72 94 85 17 19 54 39 58 8 69 88 32 27 13 77 55 64 96 10 59 2 70 53 49 30 97 7 83 11 99 91 90 65 79 61 1 40 18 57 56 89 4 60 46 82 73 42 35 87 14 5 29 22 75 66 25 81 36 62 63 20 34 45 74 78 9 16 47 44 100 86 38 3 48 93 31 80 52 12 71 95 23 68 98 84 37 50 28 
11 41 96 15 21 67 2 61 33 65 82 43 84 72 94 85 63 16 54 78 58 8 1 74 32 27 13 56 55 64 80 10 59 3 34 53 49 30 57 7 100 39 99 11 73 26 79 9 6 71 18 97 28 89 40 60 36 62 90 95 88 87 19 5 29 22 17 66 25 98 81 51 12 20 91 45 76 75 47 14 92 44 46 86 38 24 48 93 50 35 52 77 23 42 69 68 4 31 37 70 83 
12 39 96 18 21 91 2 60 57 85 99 12 47 67 94 28 63 16 54 81 92 8 1 71 32 7 13 64 55 70 80 10 59 3 34 11 74 40 33 82 100 83 49 51 17 26 61 9 6 97 73 15 78 56 45 88 36 68 89 95 41 87 19 5 29 22 90 66 25 69 53 14 43 20 44 30 76 58 27 79 75 4 50 86 38 24 48 93 46 35 65 77 23 42 98 62 72 31 37 84 52 
13 63 56 85 21 91 69 49 57 60 74 88 11 39 99 12 67 16 59 40 89 31 34 32 97 83 46 28 80 7 68 10 37 3 2 47 82 18 54 1 100 64 51 33 17 26 61 20 6 55 73 15 78 94 58 93 36 71 92 95 87 41 19 5 43 22 90 66 25 48 53 14 29 98 44 30 76 45 27 72 75 4 84 86 38 24 13 50 96 35 65 77 23 42 9 62 79 8 81 70 52 
14 61 56 85 21 93 90 25 57 60 74 42 11 39 53 12 67 35 28 40 89 91 70 32 97 34 30 98 80 45 27 10 37 3 82 73 2 18 54 96 100 63 99 81 66 26 29 69 92 55 49 15 48 94 51 31 23 71 83 9 87 41 19 5 79 78 17 44 47 65 58 14 16 1 84 46 76 7 68 72 75 4 6 86 64 24 95 50 59 22 20 77 36 8 13 62 33 88 43 38 52 
15 3 56 90 21 24 85 100 57 28 74 42 11 39 94 99 12 35 33 40 34 91 96 48 86 65 78 22 80 45 70 5 37 61 72 73 43 18 54 19 62 63 32 10 89 26 59 69 98 67 93 15 8 53 51 31 95 71 83 76 29 41 2 81 79 30 17 64 47 14 58 66 16 23 84 46 25 60 68 82 75 20 6 87 44 7 1 50 97 9 4 77 38 92 13 52 27 88 36 49 55 
16 3 56 52 23 54 66 100 57 26 74 16 11 6 94 99 42 60 5 40 1 76 28 49 9 65 22 92 17 84 12 34 45 61 20 70 80 18 81 85 39 41 32 10 4 96 30 8 69 67 93 15 19 53 51 59 95 71 83 62 29 63 2 25 55 98 43 64 47 14 58 97 73 21 31 46 38 35 24 82 7 72 48 87 79 75 33 50 77 86 89 68 37 78 13 90 27 44 36 91 88 
17 20 17 30 88 54 66 100 57 26 74 16 11 82 32 99 52 60 5 97 34 76 61 78 96 33 22 28 24 93 4 87 37 12 19 73 80 86 65 85 51 41 9 42 3 94 49 8 67 69 84 36 48 81 39 91 18 7 53 14 29 63 27 25 55 98 43 45 47 62 58 40 70 21 31 83 38 35 13 2 71 72 46 1 15 75 92 50 10 95 89 68 64 6 56 90 77 44 79 59 23 
18 20 17 30 88 72 78 100 57 54 99 16 11 86 74 29 52 60 55 92 34 76 61 66 39 28 22 36 81 18 4 71 94 12 83 24 96 50 65 85 90 53 9 42 40 37 44 8 13 5 84 98 21 73 80 91 97 7 47 14 32 2 87 25 41 58 79 45 95 62 93 3 70 46 31 38 48 35 59 63 27 69 19 26 15 75 77 82 10 1 89 33 64 6 43 51 68 49 56 67 23 
19 19 66 82 65 15 78 85 84 54 39 16 11 75 3 98 99 35 55 92 34 100 61 18 52 73 57 46 24 41 62 71 87 37 83 89 96 50 44 25 90 53 12 42 72 30 32 8 13 5 22 29 60 95 80 17 28 7 47 14 88 40 48 97 91 58 56 45 86 93 94 68 70 23 31 38 81 21 59 74 27 69 2 26 20 76 77 9 10 1 49 67 64 4 43 51 6 63 79 33 36 
20 66 94 25 18 72 61 78 46 54 39 80 53 62 3 98 93 35 36 63 17 76 56 49 86 34 69 84 24 41 75 71 87 90 45 83 96 50 44 15 85 11 82 42 5 20 13 60 99 55 22 29 68 95 73 16 97 7 31 14 88 40 48 28 59 58 92 70 52 26 19 8 100 9 77 33 81 21 91 74 27 57 2 43 30 89 47 23 10 1 37 67 64 4 32 51 6 65 79 38 12 
21 72 94 62 52 22 61 91 68 54 5 80 53 25 81 98 93 35 9 49 17 87 56 75 86 37 69 84 24 41 18 71 65 10 45 97 88 50 20 48 59 58 82 63 44 34 6 60 12 55 95 29 79 30 73 16 39 33 31 7 96 40 15 27 42 66 11 70 32 26 64 8 100 36 77 47 78 76 3 74 28 57 2 43 21 89 14 1 19 23 99 67 90 4 83 51 38 13 85 92 46 
22 70 94 97 16 53 61 72 41 20 39 4 66 25 29 98 32 12 17 87 60 49 56 7 86 14 38 84 91 44 18 27 92 40 45 75 52 79 3 85 43 58 82 63 1 34 21 89 35 55 80 81 73 30 59 88 5 33 99 62 96 10 15 54 8 37 11 24 36 26 64 42 100 93 77 47 71 76 78 74 9 69 2 65 6 28 22 50 19 23 31 67 90 95 83 51 57 13 68 48 46 
23 59 94 97 2 53 43 72 41 20 39 4 66 71 83 85 21 6 17 5 60 49 56 7 61 46 87 25 27 23 74 91 92 40 12 82 28 18 3 48 36 58 75 63 1 34 32 89 16 55 80 81 86 68 79 64 44 13 99 76 51 96 15 29 31 37 8 24 11 26 88 98 30 93 14 47 9 70 78 38 84 69 35 65 62 52 22 42 54 33 57 67 90 95 19 10 73 50 45 100 77 
24 53 33 97 2 11 36 72 75 37 32 10 29 71 49 85 21 6 65 56 3 18 59 7 61 55 84 25 46 86 23 91 98 40 19 70 9 62 94 34 74 48 95 80 1 22 39 89 16 27 77 52 42 68 93 64 44 13 99 76 51 20 15 66 31 83 8 24 5 26 88 92 28 79 45 47 30 96 78 81 87 69 14 41 43 4 58 82 54 60 57 35 90 17 38 12 73 50 67 100 63 
25 58 33 67 7 11 36 87 75 17 92 10 29 23 31 27 15 51 6 56 3 18 2 90 73 94 24 25 46 48 32 91 98 66 19 70 81 12 22 40 59 65 95 39 1 72 60 21 16 8 93 71 35 84 30 54 44 13 99 42 74 20 50 86 49 83 26 68 5 28 88 89 85 79 45 47 76 77 78 57 55 64 14 41 43 4 53 82 69 80 96 9 34 37 38 61 62 52 97 100 63 
26 4 22 71 7 11 34 87 58 19 16 10 39 18 74 84 89 5 6 56 9 78 2 62 93 94 50 28 40 48 31 27 83 66 30 70 98 68 33 46 15 65 95 90 32 91 60 29 45 8 25 52 1 41 17 47 44 13 3 85 67 38 24 86 51 43 26 12 49 73 88 59 42 79 99 54 69 77 35 57 55 64 14 72 81 20 23 82 36 80 97 92 76 37 75 61 21 53 96 100 63 
27 4 55 64 72 69 81 87 58 19 16 10 8 94 88 84 89 5 92 33 46 68 60 62 1 18 50 93 30 48 100 56 83 66 40 22 14 42 20 9 15 73 7 90 32 91 96 29 45 11 25 52 28 37 13 47 71 78 85 3 95 38 24 86 54 99 51 82 31 65 26 34 77 79 43 74 98 53 39 27 6 44 35 67 59 41 70 12 36 80 97 63 76 57 75 61 21 23 2 49 17 
28 27 90 8 64 18 38 72 60 23 80 10 31 9 88 84 74 29 92 33 25 68 89 42 11 69 86 93 40 50 2 26 55 47 73 22 14 87 20 78 15 39 24 83 32 91 7 5 43 21 1 17 28 30 41 66 16 4 85 3 95 81 19 34 54 71 51 82 62 65 56 58 77 57 12 94 98 53 37 79 6 44 35 67 59 13 70 45 36 99 97 63 76 100 75 61 46 96 48 49 52 
29 30 79 68 38 18 54 72 63 23 80 92 12 34 26 41 74 29 10 91 25 8 66 19 13 65 59 93 32 47 100 88 16 15 73 1 14 87 3 45 28 60 24 97 40 7 77 37 5 21 31 17 94 55 4 53 39 22 85 20 98 81 84 2 64 71 51 82 62 95 56 58 11 57 27 67 69 89 83 90 6 44 35 70 86 33 99 78 36 42 43 50 76 9 75 61 46 96 48 49 52 
30 7 20 68 58 18 54 43 38 23 70 92 35 34 16 33 13 67 10 15 45 8 66 89 4 57 81 93 62 47 100 99 11 76 73 63 14 9 53 1 28 60 24 97 40 30 49 21 98 56 31 17 94 55 77 83 39 22 85 82 5 59 29 65 32 48 51 26 95 64 75 50 79 2 74 3 46 86 88 90 6 44 12 80 19 41 91 78 36 69 72 25 84 87 37 61 27 96 71 42 52 
31 78 15 62 58 18 79 43 39 7 70 92 57 36 33 24 13 67 94 95 45 8 28 48 65 54 81 93 96 50 100 99 11 21 68 47 10 91 51 1 66 41 6 9 40 30 49 76 52 56 31 17 14 55 77 42 38 80 97 82 5 59 29 4 90 89 12 16 20 64 85 44 35 63 74 3 46 87 88 26 2 73 53 98 19 60 75 23 34 69 72 25 84 86 37 61 27 22 71 83 32 
32 69 54 62 38 4 79 43 71 7 64 29 57 36 33 92 37 67 93 95 45 52 15 22 65 12 25 85 96 55 1 32 11 21 68 47 80 3 51 34 66 41 6 8 26 30 19 31 99 56 63 84 14 2 74 48 58 10 97 44 5 17 24 13 81 89 28 35 20 16 42 82 40 76 77 94 46 87 88 70 86 9 53 98 39 60 75 23 100 78 72 27 73 61 91 50 90 49 18 83 59 
33 69 66 91 96 4 38 43 6 92 3 15 49 61 33 7 14 2 5 95 45 52 30 22 29 12 25 71 89 55 1 32 11 21 68 19 80 64 51 34 65 41 46 40 26 97 31 88 28 18 98 84 57 36 47 48 58 85 35 100 93 17 24 37 81 70 99 77 20 16 50 54 8 62 74 94 10 87 63 82 79 9 53 27 39 60 75 67 44 78 72 23 13 73 86 42 90 76 56 83 59 
34 47 82 73 96 58 48 43 4 9 24 15 85 38 33 7 14 81 5 95 40 92 19 6 88 12 25 94 16 55 1 32 72 52 68 97 80 64 86 11 49 34 46 27 26 66 31 29 62 98 22 84 20 53 44 8 91 65 41 100 39 17 93 18 76 99 70 77 59 89 50 54 61 10 74 71 28 2 23 30 45 21 3 79 67 60 75 36 69 78 37 63 13 35 51 42 90 87 83 56 57 
35 58 82 73 25 47 43 80 11 40 24 44 74 4 33 7 14 34 5 45 89 92 19 50 55 12 39 48 16 63 30 32 72 31 68 98 81 83 86 22 96 76 29 57 26 66 52 41 62 20 69 28 97 54 36 8 35 65 53 100 49 60 93 88 67 51 70 77 13 85 6 64 1 10 9 84 71 2 23 61 95 21 3 79 59 17 75 15 94 78 37 56 38 42 99 91 90 87 46 18 27 
36 58 82 4 25 2 59 7 11 40 24 85 94 65 53 34 14 80 27 38 89 92 19 72 55 31 78 45 16 63 51 32 50 39 68 98 61 83 15 30 48 13 17 57 67 49 52 41 33 96 69 28 97 54 36 76 35 6 77 79 66 60 93 88 44 62 70 8 22 3 73 64 1 10 9 5 71 20 23 99 95 21 26 100 56 47 75 81 29 74 90 43 12 42 86 91 37 87 46 18 84 
37 4 86 50 13 94 100 7 11 17 19 14 2 65 53 34 79 80 23 90 38 92 98 72 24 70 40 45 16 63 91 99 10 39 68 32 61 76 15 74 84 58 41 57 67 49 20 78 59 96 71 28 97 9 36 83 35 37 52 31 66 33 93 60 42 62 46 88 22 3 73 8 1 25 54 5 69 81 64 21 95 48 27 43 56 47 75 55 29 30 89 26 12 44 77 51 6 87 82 18 85 
38 95 16 50 54 93 100 7 86 81 12 14 91 65 53 64 79 80 98 90 26 92 23 58 24 37 40 45 84 66 18 99 32 39 10 83 78 56 55 8 76 27 41 5 6 49 2 61 59 96 21 74 97 30 36 43 35 48 52 57 63 33 73 60 42 62 4 88 3 22 94 9 85 70 13 31 46 15 34 67 69 28 72 77 68 47 75 25 29 17 89 38 19 44 20 51 71 87 82 11 1 
39 7 92 90 98 93 21 88 86 34 1 67 91 99 60 64 79 23 100 31 26 59 80 58 24 37 40 45 84 66 18 10 32 39 35 83 78 8 55 56 52 27 77 12 30 4 2 13 73 96 54 74 97 6 62 69 94 38 19 20 63 33 81 53 61 48 46 71 85 22 65 9 41 51 44 82 42 15 16 43 70 28 14 3 68 47 75 36 29 17 89 72 76 49 57 95 25 87 5 11 50 
40 80 95 90 98 93 24 32 11 72 91 34 73 46 60 44 79 77 42 31 26 59 7 58 3 37 92 30 68 66 27 10 67 57 35 83 23 28 55 100 52 38 39 33 20 62 2 13 15 96 86 12 97 6 4 75 94 64 85 78 51 5 81 14 70 48 99 71 19 41 65 9 22 61 18 53 45 1 16 43 63 8 74 84 21 50 69 82 29 17 89 88 76 56 49 40 25 87 36 54 47 
41 46 95 71 98 93 54 32 52 1 14 55 74 37 75 7 24 36 42 31 60 59 44 58 94 6 38 30 17 66 69 77 34 89 64 83 92 28 79 49 72 25 39 68 20 40 47 16 15 96 86 12 97 43 4 26 50 8 85 63 51 5 67 91 70 78 99 90 19 65 41 9 88 61 18 53 45 80 13 81 33 35 73 100 21 3 27 82 23 48 22 57 84 56 76 87 29 62 10 11 2 
42 73 45 71 98 2 7 49 83 23 14 44 47 37 68 84 24 36 70 9 39 59 26 58 94 27 38 30 28 93 55 77 50 89 64 52 20 6 60 66 72 17 79 97 95 92 85 90 69 67 86 12 48 43 4 16 42 41 62 1 51 5 78 76 34 15 13 75 19 65 8 31 88 61 63 53 40 80 99 81 18 35 46 22 21 3 25 82 33 96 100 57 74 56 91 87 29 54 10 11 32 
43 42 45 87 93 2 58 3 67 23 28 94 27 9 80 68 24 36 78 84 82 15 29 7 13 49 20 21 14 98 6 43 50 89 30 59 38 55 60 66 72 95 79 97 44 92 37 90 69 32 86 12 70 77 4 88 5 41 62 1 76 63 17 51 10 52 16 18 19 39 35 40 47 73 61 53 31 25 99 81 75 48 46 22 8 71 64 65 33 96 100 57 74 56 91 26 83 54 34 11 85 
44 42 65 71 93 2 22 52 80 67 28 94 59 9 87 13 24 36 62 92 82 15 45 55 68 86 20 35 98 14 6 89 58 63 30 27 38 57 60 49 72 75 3 81 88 99 96 79 69 26 16 84 70 37 77 44 5 41 78 1 76 54 21 51 19 43 29 18 10 11 25 50 47 23 61 53 31 7 40 97 95 48 46 12 8 90 64 66 33 4 100 17 74 56 91 32 34 73 83 39 85 
45 42 23 71 90 55 92 81 80 89 28 7 59 9 97 95 24 36 64 100 79 35 45 56 69 33 20 8 86 14 6 13 58 50 39 2 29 91 60 88 76 17 3 62 61 43 57 82 22 26 68 84 70 37 93 48 5 31 78 15 72 54 87 11 19 94 21 18 75 51 25 99 47 52 49 53 41 77 40 38 67 98 46 12 96 63 65 66 74 4 10 16 44 27 1 32 34 85 83 30 73 
46 42 23 81 90 55 92 54 62 69 19 7 59 91 97 95 60 36 35 100 10 83 16 76 6 33 15 85 88 79 89 82 58 50 14 24 29 9 13 27 40 17 3 57 71 43 98 93 66 26 68 5 70 28 37 48 11 31 99 61 72 64 87 20 84 1 21 18 75 41 86 2 47 80 49 53 51 77 56 38 63 39 25 12 96 67 8 32 74 46 52 45 44 4 94 22 34 65 78 30 73 
47 42 23 100 90 60 44 54 12 69 62 7 30 9 94 95 85 8 65 22 73 92 16 36 6 76 15 48 75 2 89 20 47 59 14 21 29 45 88 3 40 17 4 57 71 11 98 26 18 58 70 5 84 28 55 10 56 31 99 61 72 64 87 27 46 1 24 66 51 41 86 43 33 79 93 82 96 77 83 38 63 37 25 68 13 67 49 32 39 19 52 91 53 80 97 81 34 35 78 50 74 
48 35 23 86 90 5 44 54 24 59 62 48 30 21 65 95 1 80 66 22 11 92 16 36 6 76 15 73 61 89 85 34 39 51 14 58 43 28 98 46 40 55 60 57 42 12 10 97 18 9 3 4 84 94 69 7 56 31 32 75 72 17 87 27 49 50 29 96 64 41 74 33 71 26 8 82 45 77 83 38 63 37 25 68 13 67 79 100 47 78 52 91 53 93 99 81 20 2 19 88 70 
49 35 100 86 90 5 7 99 42 50 62 33 84 27 37 77 1 47 66 22 32 48 16 36 75 76 30 38 61 71 87 18 39 51 17 49 43 28 83 31 40 55 81 57 59 19 10 29 46 9 64 25 15 60 69 72 65 80 73 6 44 12 63 93 95 11 54 96 4 41 74 92 89 26 8 23 45 24 98 3 85 56 94 68 13 67 21 82 34 78 52 53 91 79 97 58 20 2 14 88 70 
50 38 23 24 67 71 7 74 33 50 15 21 84 73 37 77 89 19 66 22 32 48 16 94 46 68 30 56 79 42 83 80 20 95 45 49 64 28 87 91 40 55 81 98 59 60 10 29 6 8 93 25 62 4 69 72 65 41 27 75 53 12 63 92 26 76 99 96 1 44 54 39 85 97 2 100 17 86 5 11 47 9 36 3 13 90 82 57 34 78 52 18 31 14 51 58 35 61 43 88 70 
51 52 57 55 77 24 62 64 33 50 15 21 84 46 30 73 27 67 4 58 22 48 9 94 90 85 7 56 79 89 92 80 91 82 78 17 43 32 87 26 49 71 81 98 16 60 53 28 6 8 93 25 37 66 5 72 65 41 39 75 10 74 63 83 20 88 99 36 95 44 54 2 68 97 40 100 13 59 69 45 61 42 96 3 19 86 18 23 34 11 38 14 31 1 51 29 35 76 12 47 70 
52 46 57 47 62 24 21 76 33 50 39 16 84 48 30 73 7 31 89 58 22 27 71 60 83 54 55 56 79 17 59 29 49 82 78 100 65 32 42 26 91 9 11 98 77 68 18 45 6 90 93 25 37 66 92 72 97 41 28 51 10 74 63 40 5 15 99 36 95 44 4 2 23 52 38 85 13 20 75 94 61 69 96 3 34 86 43 88 19 81 8 14 67 1 80 53 35 64 12 87 70 
53 46 57 67 87 27 90 76 33 45 39 16 66 48 64 97 31 65 89 58 22 24 100 60 83 63 55 44 80 34 59 29 49 20 82 62 98 5 42 26 91 9 11 61 77 92 88 50 6 74 75 8 28 47 68 21 40 79 37 52 51 32 54 73 35 15 96 7 95 56 12 2 17 19 30 85 53 78 72 94 36 69 93 3 4 86 84 18 23 43 25 14 81 1 99 13 41 38 10 71 70 
54 89 68 66 95 27 70 91 33 45 39 25 18 48 6 97 31 81 64 58 22 24 100 60 83 13 28 63 80 8 44 29 49 77 82 42 99 2 98 26 43 9 67 61 34 71 32 50 65 88 19 20 79 57 51 76 40 37 92 15 17 85 12 16 35 21 47 7 87 56 54 5 75 46 30 11 53 78 72 94 1 52 93 96 4 23 84 74 86 69 73 62 3 36 14 59 41 38 10 55 90 
55 80 38 66 95 2 43 91 45 33 39 25 32 83 35 64 54 23 68 77 65 87 51 60 53 72 94 47 48 8 44 29 17 24 28 42 99 78 34 26 7 11 97 82 98 71 89 70 22 88 19 67 61 57 20 30 40 37 81 15 49 85 92 56 12 21 63 58 6 16 31 5 75 46 79 9 69 27 13 14 1 52 93 96 4 18 84 74 86 100 41 62 3 36 76 59 73 50 10 55 90 
56 35 38 10 61 2 27 54 16 81 95 26 32 17 28 64 29 15 68 77 65 87 25 51 5 72 94 47 80 66 44 59 83 24 82 22 97 78 33 31 7 11 74 62 84 71 96 45 67 86 56 79 60 57 20 37 40 88 58 41 49 85 92 30 48 21 63 34 42 98 91 12 6 46 53 9 69 43 13 14 1 52 93 39 4 18 99 75 19 100 23 89 3 36 76 70 73 50 8 55 90 
57 31 72 10 61 88 71 54 46 81 83 33 24 90 4 7 27 15 68 23 82 87 95 58 5 34 38 47 37 66 18 21 30 44 57 22 97 78 65 39 76 11 74 89 17 29 96 45 67 86 1 79 60 16 20 94 40 2 41 55 49 85 92 28 32 13 8 56 42 98 99 12 6 53 25 9 69 43 64 14 80 84 93 35 77 48 52 75 3 100 26 62 19 36 59 70 50 73 63 51 91 
58 31 47 10 51 24 43 83 91 81 54 63 88 97 13 27 90 77 68 15 82 87 95 58 5 34 38 72 29 79 50 21 30 35 65 60 33 78 57 89 28 99 74 19 17 12 32 45 86 67 71 8 22 16 18 46 98 2 36 55 49 85 92 76 96 14 26 56 42 40 1 7 6 37 39 9 69 11 64 53 80 25 93 66 23 100 52 75 3 44 61 4 70 41 59 48 20 73 62 84 94 
59 91 47 17 51 79 5 19 99 81 60 63 88 52 61 27 90 36 68 76 100 87 95 75 66 72 38 34 65 37 3 21 10 35 96 48 33 11 57 89 28 86 94 78 43 12 32 45 31 67 71 58 2 97 22 46 53 18 50 55 14 85 83 93 41 92 9 56 42 40 1 80 7 62 39 26 69 30 13 98 6 25 15 59 23 82 49 16 77 44 73 4 70 29 64 54 84 8 24 20 74 
60 73 47 17 35 79 45 33 99 81 37 38 44 52 61 27 60 54 64 76 63 31 95 18 84 72 22 34 65 90 3 53 68 10 100 48 25 4 57 89 28 86 94 67 43 75 69 7 29 55 85 58 32 97 56 46 62 12 36 23 14 5 21 93 66 20 9 83 42 40 1 80 71 19 16 26 2 30 39 77 91 96 88 82 51 59 49 13 98 15 6 11 70 92 87 50 41 8 24 78 74 
61 67 47 17 35 79 45 43 99 80 37 38 44 36 61 6 60 54 52 76 63 91 49 28 84 72 73 34 65 10 83 53 98 15 100 41 89 9 57 96 95 86 94 69 33 81 58 7 26 16 40 82 32 64 31 5 62 12 97 23 93 46 21 14 90 59 20 3 22 51 1 92 71 19 56 78 48 30 18 68 29 75 88 13 85 42 70 2 4 66 27 11 77 25 87 50 55 8 24 39 74 
62 44 47 17 82 79 66 26 80 67 37 40 76 36 61 11 60 54 84 99 30 78 49 28 52 72 45 57 31 10 42 53 98 63 100 58 55 9 34 96 13 86 94 83 41 65 23 7 43 74 50 35 32 64 91 62 5 12 97 33 14 4 21 93 90 59 20 3 69 51 1 71 19 18 46 73 48 6 92 68 29 75 22 2 15 88 24 39 38 16 27 56 77 25 81 85 89 8 70 95 87 
63 7 55 17 49 89 14 18 80 67 37 40 51 46 86 16 71 72 13 74 100 81 82 28 2 29 94 15 23 10 38 53 98 63 30 58 47 9 34 96 31 48 91 83 41 43 79 44 75 61 68 35 1 64 26 62 5 12 97 33 66 70 59 93 90 76 50 6 21 45 32 60 19 77 20 73 95 3 65 36 54 69 22 8 57 88 24 39 42 11 27 85 99 25 78 56 84 52 4 92 87 
64 7 62 95 60 42 65 18 80 21 12 68 43 79 86 71 99 72 36 74 34 46 89 56 90 29 94 15 10 23 38 53 98 63 30 58 61 9 25 96 31 48 91 83 100 51 75 44 41 20 40 88 1 14 26 19 5 92 39 33 69 85 27 76 70 50 73 6 67 45 32 49 55 77 47 64 97 3 93 4 54 82 22 8 81 84 24 11 17 87 59 66 16 2 78 57 35 52 13 37 28 
65 100 62 92 1 42 65 70 51 21 12 76 43 45 86 64 99 72 36 30 34 68 69 80 74 29 46 93 83 16 82 48 98 63 7 73 61 9 25 32 11 13 67 89 15 56 41 95 96 20 40 88 60 14 26 17 5 49 39 85 97 33 37 44 53 50 58 6 90 19 75 81 55 31 22 18 71 78 2 8 3 38 47 4 24 84 94 79 77 87 59 66 23 91 54 57 35 52 10 27 28 
66 100 89 92 39 12 65 97 8 99 42 76 43 78 7 64 4 36 75 13 51 22 69 86 74 29 30 93 17 24 98 48 55 54 14 21 61 73 26 56 11 45 67 82 28 44 25 20 96 95 72 88 60 33 91 83 5 49 41 85 68 80 9 32 94 47 58 6 38 19 40 81 62 50 70 52 71 35 2 34 3 77 31 53 16 84 46 79 90 87 27 66 23 1 63 57 37 18 10 59 15 
67 99 89 40 28 12 81 97 8 50 100 76 42 80 7 45 61 36 86 13 47 55 69 27 74 16 87 10 37 24 98 46 14 54 22 32 71 73 29 64 48 56 67 82 62 44 25 65 96 26 72 88 60 53 5 6 11 41 93 85 68 38 2 21 94 49 34 83 95 91 92 20 39 33 43 52 4 35 19 58 70 77 31 3 78 84 75 79 90 59 15 66 23 1 63 9 30 18 17 51 57 
68 51 5 40 92 76 81 97 54 32 17 71 42 61 41 14 52 83 69 13 47 65 12 27 74 2 87 93 37 24 30 46 45 8 22 78 89 73 29 10 62 48 60 20 56 85 68 15 96 26 72 88 50 1 86 6 11 7 90 44 43 38 95 21 25 3 34 36 84 91 28 67 70 33 55 39 4 99 19 94 98 77 58 49 31 16 75 79 82 59 100 66 23 53 63 9 80 18 64 35 57 
69 99 5 40 38 54 8 31 23 62 56 90 86 61 41 87 52 75 63 13 34 68 12 27 94 2 49 16 36 74 79 46 37 45 67 78 80 53 29 10 11 50 3 20 9 85 76 15 96 26 72 66 48 43 42 6 14 7 84 88 1 17 95 4 25 60 71 81 89 91 28 22 70 33 55 18 21 93 19 82 98 77 44 30 35 58 57 32 59 24 100 51 65 73 97 92 47 39 64 69 83 
70 99 39 40 38 44 75 31 23 91 56 53 52 61 90 94 58 8 63 19 64 26 92 27 66 45 14 80 86 22 43 98 37 48 67 85 20 73 74 10 49 50 3 16 25 46 76 15 17 2 72 68 4 79 84 6 97 13 60 36 1 96 77 71 89 100 87 81 9 62 28 29 70 33 55 88 21 93 11 82 24 95 69 30 35 7 42 32 59 78 57 51 65 5 18 12 47 41 34 54 83 
71 38 39 40 86 79 75 12 89 91 56 53 52 1 46 72 55 8 63 32 23 31 92 50 35 45 36 80 57 59 77 54 14 51 60 85 20 73 21 10 49 25 3 16 5 90 69 30 17 2 26 68 4 44 83 9 58 100 67 6 61 96 43 71 70 22 47 81 42 62 28 41 82 33 65 88 74 48 11 37 18 95 98 15 66 7 64 94 29 78 99 93 76 13 24 27 87 97 34 19 84 
72 57 39 43 42 66 16 12 89 13 56 30 52 1 49 72 55 8 62 28 50 67 92 79 97 45 44 80 3 74 53 54 14 51 6 85 34 73 21 64 47 24 38 10 27 94 69 29 17 46 26 33 4 41 83 9 58 100 99 36 61 96 5 75 23 22 2 81 86 63 93 65 82 37 60 88 91 48 11 31 77 87 20 15 59 7 71 90 98 78 18 32 76 70 25 40 95 35 68 19 84 
73 57 47 43 42 66 16 61 89 13 56 30 52 8 31 4 55 1 23 78 50 80 92 79 9 28 20 67 49 22 73 54 12 51 62 85 34 53 45 64 59 88 38 10 27 74 69 5 6 70 24 33 26 44 83 96 41 63 72 68 58 2 19 60 32 95 97 81 86 82 15 65 21 37 46 29 91 25 76 3 77 11 48 93 14 7 71 90 98 75 18 17 87 100 94 40 39 35 36 99 84 
74 67 70 43 42 62 13 61 77 15 56 69 52 8 31 4 53 12 73 78 50 80 92 79 84 38 54 7 49 30 23 20 71 5 88 36 22 97 45 1 59 87 66 55 27 74 100 68 6 47 11 33 26 57 83 96 41 17 48 39 58 2 19 60 32 81 10 95 93 82 51 9 16 37 46 29 76 25 24 3 89 21 72 28 14 65 91 90 98 44 18 34 64 85 94 40 86 35 75 99 63 
75 67 13 43 38 80 70 61 77 30 58 69 9 8 45 4 68 12 73 78 91 15 42 79 90 21 47 92 87 33 23 20 35 36 24 49 28 71 3 1 31 22 66 55 27 74 100 53 93 82 11 25 48 57 83 96 41 56 63 39 81 2 95 64 76 5 50 19 84 51 54 52 16 37 46 29 14 59 88 97 89 10 72 26 85 65 62 17 98 44 18 34 60 32 94 40 86 7 75 99 6 
76 13 24 43 51 80 17 32 77 30 11 69 60 20 45 4 68 88 53 39 8 12 73 22 50 21 46 64 26 33 23 61 19 55 14 49 52 18 3 1 31 83 40 36 27 63 100 42 93 99 66 25 48 57 59 37 41 76 74 28 87 2 95 58 75 70 90 79 84 16 54 5 38 96 47 34 67 91 56 78 89 10 72 81 85 65 62 97 98 44 71 92 9 35 94 29 86 7 15 82 6 
77 13 24 43 68 69 17 32 77 30 1 19 60 27 45 74 51 23 53 39 8 79 73 22 62 21 29 76 9 25 88 61 47 55 14 37 85 18 3 10 31 46 70 36 11 44 7 42 93 91 66 4 48 82 59 33 41 94 20 63 2 87 95 58 75 71 100 26 84 49 52 54 38 97 80 57 67 99 56 78 89 6 92 81 5 65 50 64 83 28 40 72 12 35 86 98 34 90 15 16 96 
78 61 24 28 68 69 17 95 77 98 1 75 85 8 45 74 51 42 53 67 58 35 63 40 5 43 84 76 16 11 3 80 29 55 60 37 9 93 34 66 31 25 70 86 47 82 14 23 39 91 7 71 48 19 73 21 41 94 87 15 2 33 13 27 44 4 100 26 59 49 52 54 62 97 10 46 18 99 56 78 89 6 92 30 38 65 50 64 83 12 22 72 79 20 36 81 88 90 57 32 96 
79 1 71 94 68 99 17 95 2 13 45 34 85 96 42 74 61 92 53 67 58 35 32 41 22 43 84 76 52 39 55 82 29 3 60 37 9 30 4 66 21 33 70 90 89 49 40 87 11 91 7 26 48 19 16 59 64 28 78 15 50 25 80 54 44 75 100 47 86 98 72 27 62 14 10 93 18 69 56 73 24 6 65 46 38 97 36 51 83 12 5 23 79 20 77 81 88 31 57 63 8 
80 34 71 70 48 65 77 4 2 13 16 1 85 96 99 23 61 92 53 14 21 100 84 26 22 43 47 41 59 51 55 95 32 3 60 37 83 50 54 66 42 33 28 90 39 49 7 87 36 91 89 64 35 19 44 68 24 75 78 15 30 9 79 63 67 88 80 29 86 98 72 58 62 94 10 46 18 69 56 73 74 6 27 93 76 97 11 12 25 40 5 38 52 20 82 81 45 31 57 8 17 
81 34 30 4 9 11 96 69 90 56 16 54 85 15 99 23 36 92 7 14 21 100 68 26 65 43 47 41 18 87 55 95 8 31 60 17 77 70 94 39 76 80 78 62 66 83 53 51 61 91 89 64 25 19 44 81 24 75 98 49 67 71 79 13 38 3 33 35 86 28 72 58 2 10 42 46 93 63 59 73 50 6 27 84 1 97 22 12 74 40 5 48 52 20 29 82 45 88 57 32 37 
82 34 18 64 40 19 96 43 90 56 16 47 46 15 99 23 42 92 7 51 21 38 57 26 65 35 29 13 3 24 55 60 100 66 77 17 4 70 83 53 76 80 68 62 59 94 39 87 82 91 33 95 25 8 44 5 81 14 50 49 67 71 79 41 12 61 89 9 86 28 72 58 2 75 97 98 93 63 31 73 10 84 27 69 1 20 22 11 74 6 54 48 52 36 85 30 45 88 78 32 37 
83 83 18 64 76 81 9 43 90 45 99 19 52 15 16 60 42 92 62 51 21 94 2 40 65 35 46 13 44 54 70 23 100 48 77 88 68 34 55 53 26 20 4 7 47 38 39 87 82 29 57 96 25 8 95 30 32 14 84 28 67 71 89 41 12 61 79 73 72 50 86 98 6 75 97 58 93 63 10 69 37 74 66 11 1 80 22 17 27 59 24 49 31 36 85 5 56 3 78 33 91 
84 83 18 39 63 81 77 43 58 80 19 52 22 15 76 69 64 14 65 51 21 94 29 5 4 36 30 74 44 55 50 62 68 48 9 88 73 34 75 53 90 60 28 54 13 38 45 86 82 2 46 78 25 8 11 59 32 92 84 47 67 71 89 98 12 61 79 3 72 70 87 16 6 57 97 26 93 42 10 20 37 23 49 7 100 41 99 17 27 85 24 66 31 35 95 91 56 1 96 33 40 
85 26 18 39 78 59 16 43 58 99 19 45 22 15 82 69 64 14 65 94 3 91 38 5 42 49 35 74 44 21 50 62 30 48 47 12 73 34 75 68 90 100 41 76 13 51 52 86 4 2 46 89 93 28 11 60 32 29 84 92 66 71 27 98 9 1 7 95 61 55 23 77 72 57 97 83 6 70 10 20 37 87 36 80 88 53 8 17 63 85 24 67 31 25 81 54 56 79 96 33 40 
86 74 13 39 76 59 27 77 73 94 19 35 98 71 93 69 7 25 65 91 90 95 38 92 42 57 31 60 44 21 50 1 81 48 47 26 58 41 75 43 3 100 5 9 20 51 87 86 4 2 46 99 82 28 11 10 33 29 84 89 66 15 16 62 61 78 45 24 63 55 22 68 72 49 97 83 6 70 56 18 34 14 36 80 88 79 8 17 37 96 12 67 64 52 30 54 40 53 85 32 23 
87 38 58 19 31 27 59 77 45 94 24 66 47 71 93 69 90 25 65 50 7 95 55 92 82 4 9 60 72 21 15 89 1 48 85 26 13 41 3 43 75 100 30 76 20 51 78 86 57 2 46 29 42 28 81 6 33 11 96 99 53 44 34 37 61 87 63 39 73 22 79 68 64 49 16 83 54 10 56 18 98 40 36 52 88 74 12 17 84 62 8 67 91 80 5 97 14 35 70 32 23 
88 38 35 15 49 56 59 2 6 10 9 40 47 71 1 16 90 18 94 19 7 67 100 92 82 5 24 72 75 33 28 30 61 48 85 26 13 58 84 21 60 55 74 76 81 46 78 3 57 68 43 29 42 89 54 25 51 11 88 99 53 27 34 37 45 87 96 39 31 22 79 77 64 17 69 83 65 20 44 86 98 66 36 52 63 62 4 91 93 50 8 95 73 80 12 97 14 41 70 32 23 
89 80 35 37 49 58 59 2 87 10 47 4 82 71 1 16 90 73 74 69 46 6 3 92 42 5 24 72 39 33 28 30 27 85 48 20 13 95 11 21 89 86 94 17 81 9 18 19 76 68 43 54 41 88 23 25 51 84 70 99 83 78 34 32 45 26 60 44 31 22 79 77 93 57 56 52 64 100 67 7 98 66 36 53 97 62 40 91 65 50 8 75 61 38 55 63 15 96 29 14 12 
90 80 74 37 95 87 59 2 77 84 47 36 82 71 1 16 90 67 15 81 34 78 72 92 42 91 50 3 39 6 19 30 27 49 48 20 13 35 9 21 66 86 79 17 69 53 99 10 26 68 43 7 24 5 23 25 14 29 70 28 83 54 63 89 45 73 46 44 31 85 97 33 93 75 56 52 64 100 12 88 98 76 4 11 94 62 40 58 65 41 51 57 61 38 55 60 8 96 18 22 32 
91 80 15 63 79 93 45 2 71 84 47 36 85 77 1 28 90 67 82 64 34 39 72 94 42 55 89 48 78 87 59 5 27 46 98 51 9 30 13 24 66 88 53 17 29 20 70 62 26 68 43 81 74 35 23 44 22 52 73 21 83 54 49 50 19 99 91 25 12 41 4 33 6 75 56 14 7 100 31 86 3 65 40 11 69 10 97 58 61 37 92 57 96 38 16 60 8 76 18 95 32 
92 83 15 63 1 73 50 2 71 91 79 52 96 77 37 84 10 64 36 14 34 39 80 81 30 99 92 97 82 87 59 5 27 95 42 51 9 98 13 24 66 88 78 7 29 57 45 62 26 17 68 28 74 21 53 94 25 75 93 35 72 12 49 41 6 55 20 67 54 70 4 33 85 46 56 22 43 18 31 86 40 65 58 44 69 48 3 90 61 47 89 11 19 38 16 60 8 76 100 23 32 
93 82 17 63 10 73 50 56 53 91 81 43 26 77 6 37 61 40 36 90 72 18 80 24 30 99 92 97 12 3 60 84 1 95 42 94 83 98 66 79 13 88 59 7 62 57 69 29 9 78 54 28 74 58 71 32 21 75 93 8 52 65 48 41 27 55 20 67 96 100 34 33 85 46 2 45 4 39 31 86 44 68 35 70 22 23 16 14 5 47 89 11 19 49 64 38 25 76 87 15 51 
94 82 29 46 79 35 93 56 18 11 81 58 98 14 6 37 26 62 36 22 72 9 80 2 31 66 92 7 75 3 90 84 70 23 13 21 83 61 51 19 42 50 99 97 45 57 69 15 5 96 54 28 78 43 71 8 94 86 85 32 74 65 17 41 27 55 20 67 1 4 34 33 88 63 48 16 100 39 59 44 12 68 73 53 24 10 30 77 52 47 89 91 95 49 64 38 25 76 40 87 60 
95 60 29 22 79 35 21 56 18 11 81 58 32 50 4 37 1 62 12 23 72 41 63 40 31 61 39 86 75 3 97 84 14 33 95 70 83 26 6 19 42 93 99 10 68 57 69 28 5 96 90 98 24 15 71 45 80 54 85 8 74 65 44 88 27 13 20 47 16 87 2 46 77 94 67 9 100 92 43 30 36 59 73 53 76 7 66 17 52 48 82 91 55 49 64 38 25 34 78 51 89 
96 47 99 58 80 35 23 51 18 16 82 22 38 63 4 89 30 78 57 40 72 41 21 59 31 61 46 20 75 83 97 48 14 33 95 70 81 26 67 19 94 93 9 10 68 92 52 28 39 96 90 3 98 49 45 84 34 54 66 8 74 79 44 88 1 13 53 60 77 24 87 5 32 42 15 29 17 65 43 50 36 27 73 86 76 7 85 100 69 37 71 91 55 2 64 11 25 12 62 56 6 
97 47 4 58 45 77 20 67 87 29 46 9 13 94 99 89 30 18 57 40 51 41 7 59 35 5 85 90 75 74 97 48 14 33 95 70 50 16 96 61 25 93 81 3 68 78 54 28 39 72 19 44 27 49 15 84 34 65 31 6 91 79 38 88 1 100 53 23 63 22 60 55 32 42 80 26 17 52 43 98 36 11 10 86 76 21 82 83 66 92 71 73 69 2 64 24 37 12 62 56 8 
98 45 77 76 41 31 63 11 47 86 46 9 83 94 1 64 44 24 57 90 60 87 7 65 96 5 53 40 75 84 67 48 14 13 79 43 33 10 37 91 25 30 81 3 68 36 54 28 39 50 58 93 71 29 15 74 34 72 35 6 61 95 38 88 80 8 55 78 59 22 51 70 32 42 99 26 56 52 97 85 2 98 16 27 89 21 19 49 66 92 20 73 69 23 82 18 4 12 62 17 100 
99 72 81 53 47 92 13 11 41 59 46 9 91 94 1 51 44 24 5 65 60 89 78 55 96 17 3 40 75 76 58 48 21 66 79 29 33 56 8 67 25 87 77 63 68 99 54 28 74 43 30 93 71 84 15 39 34 38 97 36 69 95 2 88 98 37 90 7 62 22 50 70 32 42 86 26 10 52 20 64 4 80 16 27 14 35 19 23 83 31 85 73 61 49 82 18 12 45 6 57 100 
100 72 32 87 5 92 84 11 41 59 70 68 77 99 1 91 9 56 66 3 60 89 37 55 96 17 71 40 49 76 58 62 80 47 2 63 33 8 4 67 25 26 21 42 44 94 12 28 64 43 30 86 27 13 15 79 34 38 46 36 69 95 39 88 83 51 90 7 78 82 74 97 81 29 57 24 53 52 20 50 98 31 6 93 22 35 19 23 16 48 85 73 61 75 65 18 54 45 14 10 100 