40
1 24 34 27 4 5 33 7 8 9 10 29 2 36 1 26 16 19 37 14 20 3 11 23 17 25 15 22 28 13 30 31 32 6 21 40 12 18 38 39 35 
2 24 13 27 4 5 33 31 8 29 39 21 9 36 15 3 7 26 19 17 20 28 11 23 40 25 1 35 2 34 30 16 12 6 32 22 37 18 38 10 14 
3 24 13 27 20 17 33 3 14 15 39 21 9 36 29 8 23 37 38 5 4 28 1 25 11 7 32 12 26 34 30 16 35 6 31 18 19 2 40 10 22 
4 22 13 27 20 29 26 30 25 21 4 38 9 36 17 3 23 33 40 5 31 28 1 12 18 11 32 14 37 34 15 7 16 6 19 35 39 2 8 10 24 
5 22 13 27 20 29 19 30 23 40 4 33 9 1 25 38 15 3 12 5 36 17 31 14 2 18 32 39 8 21 35 7 16 6 26 11 28 34 37 10 24 
6 16 39 27 34 29 37 13 38 40 4 24 9 1 35 23 15 3 6 5 33 17 31 14 2 21 32 12 8 18 7 25 36 28 10 11 26 20 19 22 30 
7 28 37 27 32 1 26 13 5 40 7 24 39 33 16 35 15 3 6 38 14 17 31 22 34 9 2 12 8 18 4 25 36 11 10 23 29 20 19 21 30 
8 20 37 14 32 15 17 13 18 40 7 2 1 3 39 31 38 33 6 16 12 29 35 22 34 9 11 27 8 28 4 25 36 26 5 23 10 24 19 21 30 
9 5 29 14 25 15 36 38 24 20 34 2 21 16 30 7 13 6 9 4 12 37 32 22 3 33 11 27 23 28 31 35 40 26 17 8 10 39 19 1 18 
10 5 29 14 25 17 36 18 24 31 21 2 10 16 30 39 13 35 8 4 19 11 32 20 3 9 37 12 1 28 22 6 40 26 15 33 7 38 27 23 34 
11 5 12 14 18 21 10 8 1 23 15 2 32 7 30 4 13 35 25 39 19 29 40 9 3 26 37 31 11 22 28 6 33 20 24 36 16 38 27 17 34 
12 22 4 17 8 21 24 10 1 39 18 34 32 7 26 30 5 27 25 14 19 29 40 9 3 12 31 15 16 13 28 6 33 20 37 23 11 38 35 36 2 
13 21 4 17 26 8 10 24 6 39 28 34 20 7 40 1 36 27 32 14 19 29 22 9 3 23 30 15 35 13 5 25 33 16 37 12 11 38 31 18 2 
14 9 24 32 26 8 14 4 6 15 34 28 20 17 22 1 21 27 35 31 19 29 37 10 18 11 12 39 7 40 5 2 33 30 13 16 36 38 23 3 25 
15 18 36 32 37 15 35 4 28 8 23 33 26 3 29 24 21 31 20 19 27 22 2 10 14 11 25 39 7 40 5 9 6 30 13 12 1 38 34 17 16 
16 15 26 36 37 18 35 4 6 34 21 13 32 14 2 24 12 31 11 19 27 22 25 10 16 20 29 39 7 28 3 9 30 1 40 8 5 38 23 17 33 
17 20 36 7 37 21 40 4 25 6 28 13 15 24 2 14 18 31 22 19 12 16 32 10 33 23 29 39 11 34 3 9 30 1 35 8 5 17 27 38 26 
18 20 29 11 28 10 16 8 25 6 2 13 15 24 9 14 7 31 22 37 18 40 4 1 26 23 30 39 3 36 27 19 12 21 35 32 5 33 34 38 17 
19 28 22 11 21 10 20 8 25 6 2 13 18 4 31 32 12 5 30 37 15 40 16 35 26 7 36 39 3 29 27 19 1 38 23 14 17 33 34 24 9 
20 14 15 4 21 18 33 17 5 6 35 23 12 2 31 32 10 25 38 37 27 40 16 7 26 29 36 39 3 22 11 19 1 34 30 24 8 20 13 28 9 
21 6 15 19 14 2 10 11 13 21 33 23 20 18 31 37 17 5 28 32 1 40 16 7 36 24 26 39 3 12 35 4 27 34 30 38 8 22 25 29 9 
22 36 20 33 12 4 10 14 13 6 16 24 15 18 1 19 17 9 8 32 3 40 2 7 21 23 26 39 31 11 25 28 27 34 30 37 35 22 38 29 5 
23 27 38 31 12 30 7 14 21 6 34 24 15 4 17 19 5 33 1 9 3 40 2 10 22 23 25 39 36 11 26 28 13 32 20 37 35 16 18 29 8 
24 27 12 6 17 23 39 14 7 31 36 24 15 38 21 40 5 30 19 4 3 37 2 10 16 33 25 9 32 11 26 34 8 28 20 18 1 22 35 29 13 
25 33 2 28 15 23 22 25 4 3 17 14 31 38 21 39 5 30 19 24 36 37 11 27 16 10 7 9 40 32 26 34 8 6 20 18 1 12 35 29 13 
26 33 28 20 15 38 21 2 4 35 17 14 29 7 5 32 39 36 24 19 3 37 16 27 9 30 34 11 40 22 26 25 23 6 8 18 1 12 10 31 13 
27 16 28 20 38 7 21 2 5 4 32 19 29 15 35 33 39 14 9 27 3 37 8 30 24 31 34 22 40 11 26 25 23 6 36 18 1 12 10 17 13 
28 16 28 34 38 33 20 2 5 10 15 19 29 8 37 26 24 14 9 3 22 35 32 7 11 31 25 23 40 13 27 39 17 6 36 18 1 12 30 4 21 
29 19 31 30 38 17 20 2 18 10 6 35 32 40 37 26 24 14 15 3 22 16 28 33 5 4 1 23 29 13 27 39 8 11 34 9 25 21 36 7 12 
30 5 24 30 20 12 25 34 18 3 6 31 1 38 37 26 29 10 15 14 22 33 28 17 40 8 32 23 35 13 39 7 4 19 2 9 16 21 36 27 11 
31 5 4 24 31 30 25 15 18 35 9 20 1 19 37 3 11 27 36 14 22 34 28 17 40 12 32 23 29 13 39 10 33 38 2 6 16 21 8 7 26 
32 5 40 24 1 30 16 15 18 35 7 21 31 19 29 33 11 27 4 14 22 6 39 17 34 12 28 9 37 13 32 2 36 38 10 8 25 3 20 23 26 
33 5 11 34 28 38 7 23 30 35 2 32 31 19 29 20 27 40 4 21 22 8 39 17 25 12 3 9 6 15 14 16 1 18 10 26 24 37 33 13 36 
34 26 11 15 22 38 37 14 30 29 21 5 31 7 35 6 27 40 12 24 34 39 18 17 2 4 3 9 8 28 23 36 1 10 25 32 20 19 33 13 16 
35 15 11 28 36 13 37 21 30 22 26 9 18 31 10 6 27 40 29 24 33 39 23 17 2 4 19 34 3 38 1 7 12 35 25 32 20 8 5 14 16 
36 15 30 26 36 12 38 1 11 33 24 18 39 7 2 8 28 40 25 5 22 35 23 17 10 4 9 34 21 37 3 27 13 6 29 32 20 19 31 14 16 
37 15 36 26 30 12 3 1 5 38 7 18 39 22 2 6 28 40 25 11 32 34 10 17 9 8 35 16 21 29 33 27 37 20 13 4 24 19 31 14 23 
38 1 36 26 38 9 34 31 24 30 7 18 15 2 23 32 5 4 25 11 13 3 10 17 22 33 35 16 21 8 39 27 37 40 6 20 19 29 28 14 12 
39 1 27 38 22 9 28 31 24 19 2 18 15 7 17 32 21 23 34 11 5 3 10 4 26 39 35 16 13 30 33 36 37 40 6 25 8 29 20 12 14 
40 32 27 13 1 37 39 12 25 19 36 11 15 24 34 31 21 23 8 18 5 3 28 26 14 10 35 6 17 30 4 2 9 40 16 7 38 29 20 22 33 
1 18 27 15 10 26 33 12 25 19 36 11 13 24 1 31 23 21 40 32 5 7 20 37 35 29 14 17 6 38 4 8 9 30 16 3 34 2 28 22 39 
2 18 28 15 39 9 6 30 25 19 36 13 4 24 23 17 1 21 40 32 5 38 20 37 16 26 14 31 3 33 11 8 29 27 10 7 34 2 12 22 35 
3 18 30 15 1 16 11 20 25 19 29 24 4 13 23 10 32 6 5 28 40 36 21 2 33 27 14 22 3 39 37 8 38 26 17 7 34 9 12 31 35 
4 11 8 36 1 12 18 30 24 28 3 25 22 13 23 7 32 26 5 19 40 39 4 20 34 27 14 21 29 10 2 6 38 15 17 9 33 37 16 31 35 
5 18 8 16 20 40 11 30 24 33 22 25 15 35 32 6 39 7 5 19 28 13 4 14 34 27 1 21 17 10 36 23 38 3 37 9 12 29 2 26 31 
6 34 7 33 17 5 6 30 24 9 22 25 15 40 21 13 2 3 32 19 28 31 4 14 1 27 18 26 20 10 35 23 38 12 8 37 16 29 39 36 11 
7 18 12 32 2 5 22 30 26 25 6 9 40 23 21 13 3 36 33 8 28 31 4 14 1 27 7 24 16 10 35 15 38 37 19 11 17 29 39 34 20 
8 38 12 17 7 5 2 30 29 25 6 4 27 20 39 13 3 36 32 8 28 31 9 10 26 40 18 15 16 14 35 24 23 37 1 11 33 22 21 34 19 
9 21 17 37 7 19 34 30 29 3 5 4 16 23 39 13 28 25 9 8 36 27 31 10 26 40 2 15 32 33 22 24 20 38 1 11 14 35 12 18 6 
10 21 19 37 7 32 34 30 29 11 5 33 28 17 12 13 22 1 38 8 36 23 2 10 4 26 31 20 25 16 35 24 15 3 6 9 14 40 39 18 27 
11 21 19 37 7 32 33 29 9 11 27 5 1 17 15 13 31 34 38 4 36 23 2 28 3 8 39 20 25 16 22 24 12 35 40 30 14 6 18 10 26 
12 21 19 37 9 32 33 24 2 29 18 5 13 8 22 34 31 27 11 4 23 40 14 16 26 20 39 17 12 7 15 38 25 35 36 30 28 6 1 10 3 
13 17 39 3 9 26 33 25 32 15 18 21 13 8 7 34 31 27 11 28 23 40 14 2 1 19 20 38 12 4 29 16 24 37 35 30 36 6 22 10 5 
14 7 29 3 9 28 1 25 39 17 18 8 32 2 15 14 24 27 11 12 10 21 31 40 33 35 34 19 22 4 13 16 20 37 38 30 36 6 26 23 5 
15 7 14 3 9 24 30 25 31 37 18 8 17 32 15 13 21 38 26 12 29 35 40 39 33 28 34 4 22 19 1 16 20 2 27 5 6 36 11 10 23 
16 9 14 3 12 23 32 25 31 26 11 8 30 5 15 13 21 22 37 7 28 16 10 39 33 35 34 20 38 19 1 2 4 29 27 40 6 36 18 17 24 
17 9 14 3 15 23 10 20 1 26 32 33 30 5 12 13 21 18 37 7 28 6 36 8 40 29 11 22 38 2 16 4 19 39 27 31 35 34 25 17 24 
18 9 14 20 15 26 34 33 1 22 10 18 4 5 12 13 32 27 37 7 3 17 36 23 31 29 11 8 38 2 39 19 25 24 16 40 35 21 30 28 6 
19 1 14 20 4 37 2 33 3 10 7 31 8 32 34 13 5 27 17 39 35 16 36 40 18 29 11 15 30 12 22 19 25 9 6 23 38 21 24 28 26 
20 25 14 20 8 1 15 21 3 17 35 4 31 32 34 13 30 10 28 39 27 5 18 40 23 29 24 2 38 12 22 19 16 9 6 36 37 33 11 7 26 
21 25 16 20 8 1 19 30 3 29 33 4 21 32 5 13 22 10 35 39 27 7 18 26 23 2 24 6 38 12 31 15 34 9 17 40 37 28 11 36 14 
22 25 26 6 8 13 40 30 3 18 38 37 11 20 5 12 22 10 17 39 27 1 9 15 19 2 24 14 29 7 4 16 34 33 35 23 31 21 28 36 32 
23 25 10 6 13 19 9 30 3 18 38 28 26 2 8 12 22 34 23 40 20 1 39 16 11 5 7 14 27 37 4 15 24 33 31 17 35 21 29 36 32 
24 38 10 39 4 19 16 30 1 18 35 29 26 24 8 12 22 33 23 9 34 3 40 13 32 5 6 14 25 37 20 28 2 27 31 17 7 21 11 36 15 
25 36 2 39 4 19 8 1 30 17 35 29 26 9 3 12 22 33 23 38 32 34 16 5 13 37 18 14 25 15 20 21 7 27 31 6 40 28 11 24 10 
26 15 7 39 13 19 10 1 30 32 35 24 26 9 3 12 22 40 23 28 17 34 20 5 21 33 18 11 6 36 27 37 29 14 31 25 4 38 16 2 8 
27 15 26 39 13 3 10 31 30 25 35 24 37 9 28 11 22 40 36 6 17 34 38 16 21 33 29 1 18 5 27 7 4 14 32 12 23 20 19 2 8 
28 4 17 38 20 3 2 13 30 25 35 15 37 9 16 27 22 31 18 40 11 34 39 1 21 33 23 19 36 5 26 7 24 14 6 12 29 28 10 32 8 
29 4 17 38 18 35 39 13 25 30 29 15 37 11 16 12 2 24 10 40 9 34 33 31 21 22 23 19 36 5 26 28 1 27 6 7 3 8 14 32 20 
30 13 2 8 18 11 39 4 32 19 23 15 25 35 16 30 10 33 7 40 17 24 34 21 28 22 5 12 36 29 26 31 1 27 6 9 14 37 3 38 20 
31 12 2 8 24 11 39 14 32 19 7 6 25 35 16 30 4 1 23 21 18 38 40 5 28 10 22 9 29 34 26 27 33 31 15 17 36 37 3 13 20 
32 12 39 8 15 37 34 14 32 19 3 11 29 5 40 25 33 1 23 21 18 35 16 38 13 30 22 26 20 7 9 27 4 31 2 17 10 6 24 28 36 
33 10 9 8 23 34 5 28 39 12 3 11 29 37 35 40 16 1 30 7 18 20 22 38 13 4 21 26 33 15 32 27 14 31 2 17 19 6 24 25 36 
34 21 14 32 23 34 5 22 36 10 3 11 33 37 20 4 16 1 29 6 18 15 28 7 39 8 31 26 38 13 40 27 30 9 2 17 19 12 24 25 35 
35 30 14 16 23 34 29 1 32 10 3 19 21 6 12 4 36 8 27 17 18 15 2 7 28 22 31 26 38 13 40 5 33 9 39 37 11 24 20 25 35 
36 30 16 14 23 34 29 5 36 6 3 38 21 10 1 22 32 11 27 17 12 15 2 8 28 19 31 40 35 26 18 4 37 9 39 33 7 24 20 25 13 
37 30 31 14 36 7 19 3 13 6 23 38 33 10 2 40 32 11 27 8 22 4 5 9 28 18 16 1 35 21 34 15 37 17 39 26 29 20 24 25 12 
38 8 14 27 36 19 38 3 23 6 13 4 7 40 2 5 11 32 33 30 22 1 10 9 28 29 31 16 20 21 34 18 37 17 39 26 12 35 24 25 15 
39 3 15 35 36 37 14 8 23 20 13 24 1 9 2 5 11 32 33 40 22 19 21 26 28 39 31 16 6 10 34 18 30 17 29 4 12 7 38 25 27 
40 37 39 7 36 3 14 20 27 23 13 12 40 22 5 17 11 6 1 2 35 24 28 26 8 15 31 16 32 10 34 18 30 9 4 29 19 33 38 25 21 
