20
1 8 14 3 13 5 6 7 1 4 10 18 9 12 2 19 16 17 20 15 11 
2 16 12 1 13 5 6 7 3 4 8 15 19 20 2 9 14 17 10 11 18 
3 4 11 1 9 2 6 7 20 16 15 17 19 8 5 3 14 10 13 12 18 
4 20 2 13 9 17 6 12 3 16 15 7 8 4 5 19 14 10 1 11 18 
5 6 14 11 9 7 20 3 8 12 2 18 16 5 4 19 15 10 1 13 17 
6 6 14 17 4 15 5 2 3 12 20 18 16 7 11 19 13 10 1 8 9 
7 19 14 11 17 20 5 4 3 13 15 18 9 10 2 16 12 1 7 8 6 
8 17 5 10 15 19 13 4 7 16 14 18 9 11 3 20 12 1 2 8 6 
9 4 12 1 15 19 5 13 11 16 9 14 18 3 7 20 2 10 17 8 6 
10 4 17 12 16 19 5 3 11 8 14 9 6 13 7 2 20 10 18 1 15 
11 9 19 12 16 5 17 3 14 20 7 8 4 18 11 2 10 6 13 1 15 
12 9 19 15 16 5 17 3 14 20 7 8 6 18 11 13 10 4 12 1 2 
13 9 17 15 3 18 7 16 12 6 14 10 20 19 5 13 8 4 11 1 2 
14 17 20 4 3 18 15 16 14 19 12 2 7 9 5 13 1 6 11 8 10 
15 10 20 16 3 18 15 6 7 19 12 11 9 14 5 8 4 2 17 13 1 
16 5 15 16 8 18 20 19 7 6 1 11 2 4 10 3 12 17 14 13 9 
17 17 15 11 8 18 20 19 6 16 1 2 7 5 10 9 12 4 14 13 3 
18 8 17 15 10 18 20 19 6 16 9 2 7 3 4 11 12 5 14 1 13 
19 8 7 15 2 16 18 19 5 6 9 10 13 3 20 11 4 17 14 1 12 
20 12 7 3 17 20 15 4 5 6 9 16 10 2 13 11 19 18 14 1 8 
1 16 6 3 17 13 10 7 9 19 5 12 15 2 20 18 8 11 14 1 4 
2 10 6 11 17 20 13 7 3 19 12 2 15 5 1 8 18 16 14 9 4 
3 13 9 11 17 20 15 7 3 19 14 2 16 6 12 8 18 1 10 5 4 
4 13 9 2 3 20 11 7 15 18 14 17 19 1 12 8 6 4 10 5 16 
5 7 9 13 3 20 12 14 10 18 2 17 11 1 15 5 19 4 8 6 16 
6 12 3 10 15 7 20 8 13 18 2 9 4 1 17 5 19 11 14 6 16 
7 12 7 10 20 5 15 8 9 18 2 13 4 1 3 17 14 11 16 6 19 
8 2 15 3 18 5 7 8 9 19 12 13 4 20 16 11 14 1 17 6 10 
9 2 7 20 18 5 15 8 17 19 12 13 16 4 3 11 14 9 1 6 10 
10 18 7 11 2 19 17 10 5 13 12 20 4 16 3 15 14 9 8 6 1 
11 19 17 1 11 7 2 9 5 13 12 20 6 16 3 10 14 18 8 4 15 
12 19 10 1 20 7 8 15 5 6 12 9 13 16 3 17 14 18 2 4 11 
13 19 4 1 9 8 11 18 3 6 12 20 13 10 7 17 14 15 2 16 5 
14 17 4 20 8 12 11 18 3 15 19 9 13 10 7 6 14 1 2 16 5 
15 15 20 9 8 16 6 18 3 4 19 10 13 11 7 5 14 1 17 12 2 
16 18 4 1 8 20 6 3 2 16 19 10 14 15 13 5 11 9 17 12 7 
17 19 13 6 8 20 1 3 2 16 7 10 14 15 5 18 11 9 17 4 12 
18 9 13 8 5 10 1 3 14 16 7 18 2 11 19 20 15 17 6 4 12 
19 9 13 16 5 10 2 17 6 7 3 18 20 11 15 8 19 14 1 4 12 
20 1 13 17 4 10 2 20 6 7 16 3 18 8 19 11 15 9 14 5 12
