50
1 1 36 16 42 39 6 19 41 11 9 10 46 13 34 12 3 17 18 7 20 21 40 30 47 23 24 27 29 28 35 49 32 33 14 2 5 37 45 25 22 8 4 43 44 38 15 26 48 31 50 
2 43 31 6 37 39 27 19 18 11 9 10 46 48 21 49 16 2 17 4 20 33 40 30 47 26 24 45 34 28 12 41 32 22 1 29 5 42 3 8 14 25 7 44 35 38 15 23 13 36 50 
3 9 31 6 37 12 25 26 33 2 34 10 46 48 21 49 16 24 28 3 44 41 1 30 47 5 45 11 8 32 18 39 17 22 40 29 19 43 7 36 14 42 4 20 35 38 15 23 13 27 50 
4 37 26 34 48 12 1 38 40 2 6 10 5 9 46 49 16 25 15 44 17 8 32 30 47 39 45 13 7 43 18 24 23 22 31 29 50 21 28 36 14 42 4 20 35 3 41 33 11 27 19 
5 46 26 5 48 42 23 29 27 43 6 10 39 9 24 17 16 34 15 44 13 8 40 38 18 12 45 31 7 2 37 49 19 22 47 4 50 21 28 35 30 14 25 20 36 3 41 33 11 32 1 
6 23 27 38 48 34 6 29 50 7 45 49 46 5 24 10 16 42 15 26 13 43 31 35 18 12 39 44 8 14 37 11 19 22 1 33 20 28 21 2 30 9 25 36 40 3 41 4 17 32 47 
7 25 27 15 34 36 17 29 50 7 11 3 46 5 37 35 16 20 38 32 10 12 31 14 43 41 39 44 8 48 24 45 28 6 42 33 1 19 21 2 30 9 23 18 40 22 49 4 13 26 47 
8 28 6 15 34 17 36 29 23 19 11 8 48 5 1 42 37 20 7 32 10 35 31 18 50 30 39 46 3 47 24 45 25 44 9 27 16 38 2 21 41 43 12 14 40 22 49 4 13 26 33 
9 44 21 15 30 17 7 14 10 19 11 8 5 48 1 46 6 20 9 32 23 39 31 18 33 16 49 42 3 35 24 45 25 26 2 13 34 37 36 27 41 43 12 29 40 22 38 4 47 28 50 
10 44 35 15 1 25 23 49 24 19 11 12 4 48 41 46 30 20 9 40 7 39 31 18 10 6 37 32 5 21 50 45 17 26 2 28 34 14 22 27 36 43 29 8 42 13 38 3 47 33 16 
11 35 46 38 16 7 43 49 11 23 10 6 28 12 41 8 30 20 9 40 13 39 37 18 4 27 21 32 5 2 50 47 17 26 24 31 34 14 22 19 36 48 29 44 42 33 45 25 15 3 1 
12 15 1 2 16 35 18 17 11 23 40 46 14 12 41 8 30 45 38 32 13 20 37 43 21 27 9 4 26 33 50 25 36 10 24 31 34 28 22 5 48 47 29 44 42 19 39 6 7 3 49 
13 22 32 45 39 47 14 17 42 23 40 13 1 12 33 8 3 46 38 6 18 19 48 16 21 27 9 4 41 15 50 25 36 10 24 31 43 28 26 5 37 35 29 44 11 20 30 34 49 2 7 
14 31 32 45 50 29 14 17 8 47 27 13 40 30 37 42 35 46 38 6 23 19 1 33 24 18 9 3 11 26 39 25 36 41 12 2 43 7 15 5 16 48 34 44 4 20 21 10 49 22 28 
15 44 10 45 20 29 14 46 33 43 38 13 22 30 37 42 35 17 3 6 23 21 50 49 47 8 5 27 34 26 39 25 16 48 12 2 41 7 15 31 11 9 36 18 24 4 19 32 1 40 28 
16 29 33 37 20 10 14 36 30 28 38 13 22 9 41 34 35 1 12 6 23 44 15 50 47 8 40 27 42 4 39 25 18 48 43 2 17 7 21 31 11 32 46 49 24 3 19 45 16 5 26 
17 9 4 29 25 10 17 7 30 19 38 16 22 37 18 15 35 8 12 6 23 44 41 48 36 46 40 31 42 13 26 20 50 45 1 32 14 47 21 39 11 2 43 49 24 3 34 28 33 5 27 
18 13 33 24 9 22 17 7 32 38 45 16 3 30 34 15 8 10 11 14 23 19 41 26 21 1 28 46 42 4 48 20 6 44 31 35 29 47 36 39 12 2 43 49 50 37 18 40 25 5 27 
19 48 24 19 34 22 17 21 38 29 45 16 3 30 35 33 15 10 46 14 11 13 49 26 44 1 28 42 25 8 4 20 6 7 31 18 43 47 36 39 12 2 32 5 50 37 41 9 23 40 27 
20 1 50 35 46 15 36 17 38 29 45 20 3 30 13 33 40 28 14 16 11 19 49 26 44 22 9 42 4 8 34 5 6 7 31 41 10 47 2 39 12 21 32 43 25 37 24 48 23 18 27 
21 1 34 35 18 15 33 22 4 29 45 20 3 47 13 30 16 37 31 24 25 6 36 26 44 17 48 2 38 8 41 46 49 12 14 9 10 19 42 39 32 21 7 43 50 27 11 40 23 5 28 
22 1 46 43 10 15 42 22 11 29 45 36 3 7 39 30 16 19 6 24 25 38 2 26 44 41 32 28 17 9 34 49 31 12 14 8 27 40 33 13 48 21 47 18 50 35 4 37 23 5 20 
23 1 46 43 5 18 42 22 21 29 39 12 36 45 9 30 16 19 6 47 7 3 31 33 27 41 25 28 2 32 34 49 38 17 4 48 50 40 23 11 8 13 24 15 44 35 14 37 20 10 26 
24 7 46 28 41 18 42 22 31 25 47 17 29 16 13 30 37 19 6 12 23 3 21 27 33 5 36 43 2 49 20 4 39 48 15 44 50 40 24 11 8 9 38 45 1 35 14 34 32 10 26 
25 7 41 22 14 42 35 20 13 25 31 27 29 33 19 4 44 38 6 12 23 3 21 24 16 46 36 11 2 49 47 37 39 48 32 34 50 15 26 43 8 9 40 45 1 18 5 28 30 10 17 
26 4 15 24 44 5 12 1 13 37 42 27 29 33 10 34 49 25 23 31 6 40 21 9 16 46 39 18 14 2 47 38 45 48 32 35 50 41 26 43 8 22 3 36 20 7 11 28 30 19 17 
27 6 33 24 48 49 2 1 32 37 9 27 42 15 10 43 44 25 23 18 20 40 39 5 46 50 21 17 12 14 47 38 45 13 29 35 28 41 26 34 8 3 22 36 16 4 11 7 30 31 19 
28 37 33 7 17 14 42 9 32 4 1 31 26 15 50 43 44 41 23 30 24 40 39 13 5 10 18 45 12 49 36 38 25 35 29 27 28 46 2 34 8 3 22 47 16 6 11 20 21 48 19 
29 37 33 7 12 14 42 31 5 4 32 48 26 29 10 23 44 41 43 15 38 46 39 17 40 3 18 45 13 49 36 21 1 35 30 27 28 34 9 25 2 8 50 16 47 22 11 20 24 6 19 
30 8 22 7 12 15 27 36 31 4 30 5 39 40 11 19 44 41 49 14 42 43 20 17 29 3 13 45 18 37 32 21 1 48 47 35 28 34 9 25 2 46 50 16 38 33 10 26 24 6 23 
31 17 24 15 22 7 13 18 21 4 6 5 48 33 26 19 44 27 12 8 42 43 35 46 29 40 36 45 11 37 32 30 9 39 47 20 28 34 1 31 2 25 50 16 38 3 10 41 14 49 23 
32 50 28 1 48 25 13 18 21 37 6 5 35 33 38 45 44 43 12 8 42 20 23 30 17 11 40 19 24 4 41 46 2 49 47 27 36 15 39 31 9 7 34 16 29 3 10 32 14 22 26 
33 50 41 1 11 32 13 28 21 37 6 31 35 33 38 30 49 43 9 5 17 44 23 7 42 14 8 19 20 4 18 46 22 40 47 27 45 2 39 26 12 36 34 16 29 48 10 25 3 24 15 
34 5 41 22 46 13 36 18 21 37 4 19 35 33 30 20 25 1 7 32 3 43 23 12 42 14 15 31 38 6 28 17 50 2 47 27 45 40 24 26 9 44 29 16 34 48 10 49 11 39 8 
35 28 41 37 10 13 39 46 21 22 18 36 30 33 47 43 25 7 24 32 3 45 29 12 35 14 19 48 17 26 2 20 50 38 42 27 5 40 1 6 9 44 8 16 34 31 4 49 11 15 23 
36 13 44 37 10 45 39 35 43 22 18 5 33 23 42 50 25 7 4 28 24 32 30 41 8 14 3 48 17 21 20 2 31 46 47 12 36 38 1 6 34 27 40 16 19 26 9 49 11 15 29 
37 50 44 37 42 45 27 35 43 3 6 10 9 31 14 41 20 2 4 28 24 32 30 13 17 33 19 15 47 49 16 7 1 46 48 12 36 38 25 18 34 39 40 23 5 26 22 21 11 8 29 
38 50 22 45 3 12 27 35 43 48 6 10 9 31 47 2 20 41 4 28 40 32 11 26 44 33 15 19 16 18 14 7 17 46 42 37 36 23 25 49 5 39 24 38 34 8 1 21 30 13 29 
39 50 10 43 3 48 42 35 24 38 30 4 9 28 47 2 18 41 22 15 40 44 19 37 5 33 12 23 6 20 14 7 17 31 8 26 36 11 25 49 29 39 45 16 34 32 1 21 46 13 27 
40 50 10 1 27 49 34 25 24 16 30 4 41 28 47 33 18 31 22 38 40 36 7 23 5 12 15 37 17 20 14 39 35 2 8 43 13 11 6 44 48 19 45 9 42 32 26 21 46 29 3 
41 11 35 1 24 23 22 25 49 33 21 29 37 44 18 16 28 13 38 7 39 36 40 27 10 12 3 41 17 20 14 34 46 42 8 43 31 9 6 15 48 19 45 50 2 32 26 30 5 4 47 
42 25 46 1 24 41 2 13 49 33 50 40 37 12 18 3 28 44 38 7 36 11 14 34 10 15 16 23 32 20 8 4 35 42 17 48 31 22 6 39 43 19 45 21 9 47 26 30 5 27 29 
43 25 28 1 24 41 7 13 49 20 38 40 43 15 8 18 30 12 48 50 42 11 14 32 45 44 39 6 29 33 37 4 19 36 17 2 31 22 27 46 5 35 10 21 9 47 26 16 3 23 34 
44 25 29 12 13 40 19 6 49 32 38 16 45 44 8 4 37 42 36 50 7 30 14 23 43 18 24 39 28 33 48 11 15 1 27 2 31 21 17 46 26 35 10 22 9 47 5 41 3 20 34 
45 12 27 44 39 3 11 29 21 32 38 16 34 5 10 49 8 42 35 50 6 30 14 23 36 18 22 13 46 2 48 19 15 40 47 25 31 4 17 7 26 43 37 24 9 28 33 41 45 20 1 
46 42 5 44 39 3 4 25 50 32 6 16 34 27 10 46 48 37 35 11 22 30 47 23 31 40 38 29 36 14 18 33 15 2 8 41 1 21 17 45 26 43 12 24 9 28 19 13 7 20 49 
47 21 1 49 39 16 4 25 50 11 6 15 34 30 20 35 48 37 10 3 22 29 47 23 19 26 13 24 36 38 18 33 7 44 31 41 40 42 17 14 5 43 12 27 9 28 32 45 46 8 2 
48 26 1 19 25 9 4 20 42 11 35 15 34 30 43 6 48 37 31 16 22 29 47 46 28 27 13 24 36 2 49 33 7 8 23 41 40 10 17 44 5 39 12 45 14 18 32 21 3 50 38 
49 33 38 39 25 46 15 20 24 11 40 27 34 30 22 6 48 37 10 3 21 29 47 43 28 44 5 42 36 32 35 9 7 8 23 41 19 31 17 16 18 2 12 45 14 13 49 1 4 50 26 
50 11 38 39 25 17 28 20 41 45 30 33 34 18 42 9 6 47 35 1 50 29 21 43 15 10 5 31 3 32 44 14 37 8 12 2 19 48 22 16 40 24 23 27 46 13 49 36 4 7 26 
1 31 38 32 42 14 28 20 41 45 25 33 34 10 21 37 30 47 3 1 50 16 27 36 35 7 5 9 15 49 44 11 19 8 4 2 43 48 17 29 40 24 39 6 46 13 18 22 12 23 26 
2 31 7 23 11 14 45 20 26 42 25 33 35 24 21 37 30 47 18 1 49 16 27 41 50 2 8 9 15 38 34 4 17 5 32 12 10 48 19 29 40 43 39 6 46 13 3 28 22 44 36 
3 46 7 28 11 14 50 43 9 42 25 3 2 24 44 27 30 47 18 19 49 16 48 37 4 35 17 20 15 38 34 21 31 5 32 12 10 45 41 29 40 22 39 6 8 13 33 26 1 23 36 
4 46 31 28 11 40 50 24 23 42 33 3 49 30 44 9 18 47 1 39 2 16 48 19 15 17 27 4 20 38 34 21 25 5 37 12 10 45 32 29 26 22 35 6 8 41 43 14 13 7 36 
5 26 31 38 28 40 50 24 23 42 37 12 21 9 32 34 46 48 1 39 43 47 16 4 15 30 27 35 5 44 33 49 25 41 14 17 10 8 20 29 18 22 19 6 45 11 2 7 13 3 36 
6 26 27 48 25 41 49 15 7 23 37 11 21 32 9 44 34 4 1 42 43 8 16 50 17 30 31 35 14 3 33 47 28 40 22 6 10 46 12 29 18 38 19 24 45 20 2 39 13 5 36 
7 11 30 28 25 35 49 15 7 20 42 31 18 32 9 26 21 4 1 37 43 29 16 50 17 27 47 14 24 41 33 10 23 38 22 3 44 46 12 13 34 39 40 8 45 48 2 19 6 5 36 
8 37 30 19 25 31 43 15 7 20 13 35 18 32 3 26 24 4 1 45 49 29 27 46 17 16 36 12 47 8 33 5 23 38 22 48 42 50 21 10 2 9 40 14 11 39 44 28 6 34 41 
9 39 33 19 1 45 43 15 31 36 13 20 18 48 3 26 22 9 25 11 50 14 27 16 17 46 4 38 47 40 30 5 2 12 24 41 6 49 21 32 44 10 35 29 7 37 23 28 42 34 8 
10 39 12 49 1 45 4 17 47 48 13 3 18 6 43 26 22 9 25 33 50 14 27 16 31 46 29 2 37 42 15 5 38 35 24 41 7 21 19 32 44 10 20 36 30 11 23 28 40 34 8 
11 25 19 13 32 45 27 39 38 17 20 8 18 6 43 26 22 9 44 33 50 3 10 16 31 46 29 47 7 42 15 4 37 35 34 41 48 21 1 12 36 5 2 49 30 11 23 28 40 24 14 
12 25 19 44 21 11 7 39 32 17 20 8 18 6 43 12 2 34 33 42 13 3 38 16 27 50 29 36 5 22 1 40 37 26 46 41 48 9 15 35 31 24 10 49 30 45 23 28 4 47 14 
13 25 19 46 9 33 3 39 32 7 2 8 17 22 4 12 1 34 24 13 42 23 11 48 27 36 41 44 5 45 20 40 38 26 35 29 47 21 15 50 31 28 10 18 30 6 49 14 43 16 37 
14 34 19 49 20 26 3 4 32 7 17 8 30 15 1 12 5 25 24 29 42 23 11 48 27 36 10 44 33 45 9 40 38 21 28 35 47 22 14 39 31 13 50 43 2 6 46 41 18 16 37 
15 34 19 14 20 17 3 1 6 26 29 43 32 15 4 31 36 21 24 5 42 7 11 8 27 38 10 50 2 25 9 40 28 48 22 35 18 30 23 39 12 13 44 37 33 49 46 41 47 16 45 
16 17 21 10 20 19 12 1 6 50 23 43 32 49 4 31 36 15 24 5 42 28 11 8 27 41 47 26 2 25 40 44 7 37 29 35 22 30 9 39 3 13 18 48 46 34 33 14 38 16 45 
17 3 26 10 29 19 9 14 45 5 34 40 32 49 4 42 36 15 24 16 7 28 6 1 27 38 47 23 43 20 31 44 33 37 25 30 22 35 12 13 48 46 18 17 39 21 11 8 41 50 2 
18 41 7 10 47 5 9 14 3 18 34 25 32 8 39 13 12 15 24 26 31 1 6 35 27 38 2 4 43 20 16 44 33 37 40 30 23 28 22 19 48 46 36 17 45 21 11 49 50 42 29 
19 5 27 22 1 41 9 12 28 45 37 7 32 38 17 13 14 15 47 26 33 24 49 35 25 50 42 19 43 20 16 44 10 30 21 34 23 3 11 31 48 46 36 39 18 40 4 8 6 2 29 
20 41 27 13 35 46 26 20 9 7 49 45 1 14 17 44 38 15 22 43 33 36 8 42 25 50 32 39 34 48 5 47 10 30 21 28 23 3 11 31 12 6 24 19 18 40 4 37 16 2 29 
21 3 23 13 29 15 26 31 10 7 42 45 6 2 4 24 38 46 5 43 21 36 14 49 25 50 11 19 34 48 22 47 9 16 33 28 27 41 32 37 12 17 20 1 40 18 39 44 30 8 35 
22 35 31 13 29 15 26 47 21 17 42 45 6 2 4 40 12 5 46 43 11 37 14 49 27 50 39 10 34 48 44 25 9 33 28 20 23 32 41 16 38 36 19 1 7 18 8 22 30 24 3 
23 35 29 13 12 15 26 16 21 5 42 47 37 34 44 31 18 6 46 43 24 41 14 49 10 50 36 40 28 48 9 25 8 33 39 20 1 32 27 38 45 2 19 23 7 17 4 22 30 11 3 
24 35 29 11 12 16 37 39 21 5 40 15 26 7 1 13 18 6 43 48 50 27 14 49 19 46 36 34 42 24 31 25 8 33 2 32 44 47 41 38 45 20 10 23 28 17 4 22 30 9 3 
25 39 29 30 32 31 37 35 21 5 33 15 22 43 4 25 18 13 7 48 50 27 44 24 20 46 36 28 16 49 42 23 1 40 2 47 6 8 41 38 45 19 10 12 34 17 14 26 11 9 3 
26 39 29 34 19 4 37 48 23 30 49 15 22 17 47 25 46 5 7 35 50 27 44 24 20 1 31 28 45 12 42 21 18 40 2 36 6 8 14 38 16 32 13 11 10 41 33 26 43 9 3 
27 39 35 34 16 43 37 48 26 30 49 12 5 17 1 42 31 4 7 10 44 27 41 33 36 47 11 38 45 46 24 15 20 40 2 32 6 8 13 28 19 25 18 21 29 50 14 23 22 9 3 
28 3 34 15 47 29 17 45 26 20 36 38 5 22 1 42 27 28 25 10 44 37 16 9 14 11 41 12 48 46 32 35 31 40 2 23 6 8 21 4 19 7 18 13 43 50 49 24 30 33 39 
29 34 29 37 47 41 17 45 26 20 50 5 8 27 2 40 49 28 46 23 10 3 30 9 39 44 11 33 48 38 32 35 31 19 1 15 6 25 22 4 36 7 18 13 14 42 21 24 16 12 43 
30 34 13 37 7 29 30 45 35 20 50 21 6 10 2 40 49 28 42 32 39 19 43 9 27 44 26 24 48 38 47 15 31 3 17 36 23 25 22 5 41 4 18 11 14 8 46 33 16 12 1 
31 34 13 37 7 2 30 45 19 39 18 21 9 23 15 10 3 25 42 29 22 35 43 6 27 44 26 24 48 38 12 36 31 49 50 40 16 17 32 1 28 4 20 11 14 8 46 33 5 47 41 
32 34 31 49 18 16 13 45 9 39 7 21 19 10 27 30 24 25 42 29 4 38 44 3 17 28 26 6 48 35 12 5 32 37 22 40 20 15 47 1 23 50 2 33 14 8 46 11 36 43 41 
33 34 39 49 9 46 13 45 30 24 16 12 33 10 48 18 31 38 42 29 4 25 6 3 17 21 7 5 36 40 26 44 32 37 22 41 20 15 1 47 23 50 2 8 27 14 19 11 28 43 35 
34 31 27 49 9 21 34 45 30 26 23 7 48 22 33 2 13 28 42 36 40 25 38 3 17 4 12 20 44 16 24 29 10 37 32 41 11 15 1 47 6 50 18 8 39 14 19 5 46 43 35 
35 22 14 49 2 46 38 45 30 26 31 25 29 23 33 17 13 40 42 15 24 50 11 3 21 4 12 20 44 37 27 7 10 16 36 41 34 5 1 39 6 48 47 8 9 28 19 35 32 43 18 
36 22 14 10 48 16 19 45 44 50 31 5 29 39 33 17 13 35 25 37 24 9 15 3 23 4 12 20 30 11 40 6 49 46 36 27 32 7 21 34 42 2 47 28 8 41 38 26 1 43 18 
37 16 14 23 48 22 32 5 45 2 31 49 26 6 33 24 18 35 29 37 46 36 15 3 17 12 50 11 39 13 40 30 28 27 9 4 19 7 21 34 42 25 47 44 8 41 38 20 1 43 10 
38 14 44 23 35 22 32 43 49 26 16 45 15 50 41 24 18 33 11 27 46 36 10 38 17 12 1 29 48 13 40 39 28 37 2 4 47 7 21 34 19 25 3 31 8 20 30 5 6 42 9 
39 24 44 23 35 8 2 43 49 29 32 47 14 1 27 28 48 41 11 33 46 36 40 38 17 12 4 50 18 21 39 7 26 15 16 37 45 31 13 34 10 25 22 19 3 20 30 5 6 42 9 
40 24 44 23 19 8 25 38 35 4 18 48 49 1 47 28 27 21 33 11 10 36 40 7 16 12 34 41 32 14 39 43 26 31 2 37 50 15 17 29 45 13 9 46 3 20 30 5 6 42 22 
41 24 28 23 10 8 25 38 4 16 18 48 15 33 47 17 27 21 1 39 7 29 19 34 36 12 40 41 26 14 32 11 49 45 2 35 50 37 31 3 43 13 9 46 44 20 30 5 6 42 22 
42 13 28 43 45 8 25 12 40 11 18 48 33 3 47 17 6 34 1 39 7 35 16 15 38 10 4 30 49 14 29 9 37 22 26 32 50 2 21 31 23 24 19 46 44 20 41 5 36 42 27 
43 13 45 50 26 8 25 12 40 11 24 48 33 3 34 44 6 47 36 39 41 35 32 16 17 19 4 14 49 23 29 9 37 27 10 18 46 2 5 20 42 30 15 43 28 22 7 21 1 38 31 
44 3 28 25 49 8 43 36 6 13 24 48 33 20 34 31 44 47 26 39 9 35 18 11 17 19 4 14 12 16 29 41 37 50 15 32 10 2 1 27 42 45 46 23 21 22 7 30 5 38 40 
45 3 33 25 24 34 10 36 6 12 8 27 42 7 28 13 44 47 26 39 22 35 38 1 17 41 49 18 31 11 29 19 30 50 2 32 16 23 9 48 4 45 46 5 21 15 20 37 43 14 40 
46 49 26 25 2 34 10 28 47 4 50 27 36 24 42 13 37 11 33 39 40 35 48 1 17 32 45 20 31 19 29 6 5 8 41 7 12 14 9 38 23 3 46 30 16 15 18 44 43 21 22 
47 49 26 25 2 31 48 42 15 37 50 12 33 9 28 13 14 11 36 40 39 35 10 1 21 32 45 27 34 18 29 6 44 22 41 19 46 5 24 38 23 3 4 30 16 47 20 17 43 7 8 
48 3 40 45 2 17 48 7 15 37 24 12 33 25 36 18 14 22 30 26 50 38 10 1 35 32 16 27 42 28 4 6 20 11 31 19 46 5 39 21 23 13 29 49 44 9 41 47 43 34 8 
49 3 40 15 43 29 48 50 1 32 24 16 42 33 36 18 14 22 9 26 7 5 35 19 12 49 20 27 37 28 4 6 10 11 31 30 46 2 39 21 23 45 8 25 44 17 41 47 13 34 38 
50 15 40 46 26 10 36 22 1 37 30 16 42 33 35 29 4 50 41 48 24 5 23 19 12 49 45 14 9 28 3 44 27 11 20 7 32 2 39 21 43 6 8 25 31 17 47 18 13 34 38
